14 0.2949703125 0.3305895833333333 0.26176093749999996 0.5066604166666667 0.3030765625 0.5226999999999999 0.3394234375 0.3445354166666667 0.2949703125 0.3305895833333333
6 0.35955781249999996 0.26957499999999995 0.3224265625 0.44285625 0.3606046875 0.4602895833333333 0.4027046875 0.28665833333333335 0.35955781249999996 0.26957499999999995
13 0.4155171875 0.31106458333333337 0.40505781250000006 0.37068541666666666 0.4455890625 0.3842833333333333 0.4586640625 0.3243145833333333 0.4155171875 0.31106458333333337
1 0.3972125 0.39299791666666667 0.3715875 0.4362333333333333 0.40374999999999994 0.47458541666666665 0.4301609375 0.43135208333333336 0.3972125 0.39299791666666667
8 0.46781562499999996 0.3438375 0.4795828125 0.42089166666666666 0.5219453125 0.4086875 0.5114859375 0.33233333333333337 0.46781562499999996 0.3438375
4 0.482459375 0.48748541666666667 0.49396562499999996 0.4941083333333333 0.5041640625 0.4923666666666667 0.5151453125 0.48260416666666667 0.5201140625 0.4602895833333333 0.5141 0.4411125 0.50599375 0.43344375 0.4895203125 0.43100208333333334 0.47696875 0.4393708333333333 0.47173906250000003 0.45575625000000003 0.472784375 0.46656458333333334 0.4764453125 0.47772291666666666 0.482459375 0.48748541666666667
5 0.5951625 0.33372708333333334 0.6223578125 0.38184166666666663 0.6589671874999999 0.34488541666666667 0.6294187499999999 0.2978166666666667 0.5951625 0.33372708333333334
11 0.7180640625 0.4264708333333333 0.6717796875000001 0.425425 0.6736109375 0.5171208333333334 0.7159718749999999 0.5192125 0.720678125 0.4738875 0.7180640625 0.4264708333333333
3 0.5779046875 0.5206062499999999 0.591240625 0.5736020833333334 0.6751796875 0.5303687499999999 0.6594890625 0.47563125 0.5779046875 0.5206062499999999
11 0.5175 0.4913208333333333 0.5444328125 0.5865020833333333 0.5849640625 0.5648854166666666 0.5575078125 0.4704 0.5175 0.4913208333333333
2 0.6730875000000001 0.5366458333333333 0.5530625 0.6123041666666666 0.5703203125 0.6632083333333333 0.6926984375 0.58755 0.6730875000000001 0.5366458333333333
9 0.48402812500000003 0.5439666666666666 0.498671875 0.5969625 0.5381578124999999 0.5739520833333334 0.5242984374999999 0.5233958333333333 0.48402812500000003 0.5439666666666666
7 0.541034375 0.6109083333333333 0.5062546875 0.6415916666666667 0.553846875 0.7440958333333333 0.5886250000000001 0.7148083333333334 0.541034375 0.6109083333333333
12 0.3961671875 0.6276437500000001 0.4220546875 0.6719229166666667 0.4908265625 0.59208125 0.46493906249999994 0.5488479166666667 0.3961671875 0.6276437500000001
10 0.47069218749999997 0.6224145833333333 0.4461125 0.6485645833333333 0.412903125 0.71236875 0.4471578125 0.7472333333333334 0.4968421875 0.6450770833333334 0.47069218749999997 0.6224145833333333