8 0.3190265625 0.31629375 0.28686406249999996 0.36824375000000004 0.3226875 0.4097354166666667 0.360865625 0.3515083333333333 0.3260875 0.31350625 0.3190265625 0.31629375
9 0.3765546875 0.43971875 0.3864921875 0.4951541666666667 0.43068437499999995 0.4798145833333333 0.42179374999999997 0.4282125 0.3765546875 0.43971875
13 0.4455890625 0.45540833333333336 0.4398359375 0.5125875 0.48167499999999996 0.5192125 0.4879515625 0.46377708333333334 0.4455890625 0.45540833333333336
11 0.3702796875 0.4958520833333333 0.354328125 0.5516375 0.39878281250000003 0.58266875 0.4149953125 0.5220020833333333 0.3702796875 0.4958520833333333
3 0.4570953125 0.33024166666666666 0.440359375 0.44948125 0.482459375 0.4585458333333333 0.49971875 0.34000416666666666 0.4570953125 0.33024166666666666
4 0.4312078125 0.6042854166666667 0.43879062500000005 0.6161395833333334 0.448465625 0.6203229166666666 0.4576171875 0.6182312499999999 0.47016875 0.6109083333333333 0.4740921875 0.593825 0.469646875 0.57569375 0.46075625000000003 0.5634916666666666 0.448465625 0.5586104166666667 0.436959375 0.5624458333333333 0.42833125 0.5742999999999999 0.4293765625 0.580925 0.42806875 0.5945229166666667 0.4312078125 0.6042854166666667
7 0.3812625 0.6443791666666667 0.3791703125 0.7005145833333334 0.47043125 0.7060916666666667 0.47069218749999997 0.6492604166666667 0.3812625 0.6443791666666667
1 0.482459375 0.5690708333333333 0.5070390625 0.6175333333333334 0.539465625 0.5837145833333334 0.5138390625 0.5366458333333333 0.482459375 0.5690708333333333
6 0.5371109374999999 0.47563125 0.5363265625 0.5321125 0.672040625 0.5349020833333333 0.672825 0.47528125 0.5371109374999999 0.47563125
10 0.5820875 0.541875 0.578165625 0.6011458333333334 0.6699499999999999 0.6112583333333333 0.672825 0.5512895833333334 0.5820875 0.541875
12 0.5373734375 0.7273604166666666 0.5564625000000001 0.7266625 0.578165625 0.7259645833333334 0.589671875 0.7297999999999999 0.60326875 0.7308458333333333 0.6006546875 0.6614645833333334 0.5120078125 0.6677395833333333 0.5070390625 0.6743645833333333 0.5117468749999999 0.7378187500000001 0.5224671875 0.7371229166666667 0.5274359375000001 0.7311958333333333 0.5373734375 0.7273604166666666
11 0.50599375 0.425075 0.5258671875 0.47667708333333336 0.570059375 0.44843541666666664 0.5491406249999999 0.3978791666666667 0.50599375 0.425075
13 0.589409375 0.33581875 0.5721515625 0.39474166666666666 0.615559375 0.41287291666666665 0.6328171874999999 0.35778541666666663 0.589409375 0.33581875