5 0.6415421875 0.39253125 0.6536921875 0.3899270833333333 0.6460984375 0.32657291666666666 0.6016203124999999 0.33322708333333334 0.607478125 0.3977395833333333 0.6415421875 0.39253125
11 0.5801406250000001 0.27536875 0.5883859375 0.26032500000000003 0.5877343749999999 0.19928541666666666 0.5252484374999999 0.21490625 0.52568125 0.2759479166666667 0.5801406250000001 0.27536875
10 0.6753890625000001 0.4697729166666667 0.672134375 0.40699583333333333 0.57666875 0.4133604166666667 0.577971875 0.4758479166666667 0.6753890625000001 0.4697729166666667
4 0.47838281250000003 0.3283083333333333 0.46796875 0.32541666666666663 0.45755468749999995 0.3300458333333333 0.4501765625 0.33930208333333334 0.44735625 0.35752708333333333 0.44996093750000005 0.3708354166666667 0.45430000000000004 0.38009166666666666 0.46102499999999996 0.38443124999999995 0.47404375 0.38674583333333334 0.4838078125 0.38153750000000003 0.48923125 0.37430625 0.49335312499999995 0.35405625 0.4898828125 0.34335208333333334 0.484240625 0.33380625 0.47838281250000003 0.3283083333333333
12 0.5701609375000001 0.5163479166666667 0.539784375 0.47729375 0.4753453125 0.5658166666666666 0.5061546875 0.6060270833333333 0.5701609375000001 0.5163479166666667
7 0.5417375 0.8036125 0.574065625 0.6896333333333333 0.534578125 0.6662 0.5020328125 0.7813374999999999 0.5417375 0.8036125
1 0.518521875 0.7000479166666668 0.501815625 0.6482645833333333 0.46232656250000004 0.6731437499999999 0.4809859375 0.7257937499999999 0.518521875 0.7000479166666668
9 0.4937875 0.6505791666666667 0.47642968750000003 0.5970604166666666 0.43824375 0.6239645833333333 0.4551671875 0.6722750000000001 0.4937875 0.6505791666666667
3 0.4621109375 0.58635625 0.48055312499999997 0.5374666666666666 0.40504843749999997 0.47787291666666665 0.38487031250000003 0.5308125 0.4621109375 0.58635625
8 0.49031562500000003 0.5354416666666667 0.5096265625 0.4862625 0.4612421875 0.448075 0.4399796875 0.5004375 0.49031562500000003 0.5354416666666667
11 0.436290625 0.46398541666666665 0.453865625 0.40410416666666665 0.4132921875 0.38327500000000003 0.39289687500000003 0.4431583333333334 0.436290625 0.46398541666666665
13 0.354928125 0.55395625 0.370115625 0.4949395833333333 0.326071875 0.47787291666666665 0.310884375 0.5365979166666667 0.354928125 0.55395625