1 0.471875 0.45 0.4640625 0.45 0.4375 0.48333333333333334 0.4375 0.48541666666666666 0.4625 0.5270833333333333 0.496875 0.49375 0.4953125 0.48333333333333334 0.471875 0.45
3 0.5609375 0.5479166666666667 0.5609375 0.55 0.61875 0.6395833333333333 0.653125 0.6041666666666666 0.5953125 0.5104166666666666 0.5609375 0.5479166666666667
2 0.621875 0.39166666666666666 0.5234375 0.28125 0.515625 0.2833333333333333 0.4921875 0.32083333333333336 0.4921875 0.32708333333333334 0.590625 0.4395833333333333 0.6 0.4375 0.6234375 0.4 0.621875 0.39166666666666666
5 0.5 0.49583333333333335 0.4921875 0.4979166666666667 0.4640625 0.53125 0.4640625 0.5375 0.490625 0.5791666666666667 0.5046875 0.575 0.528125 0.5458333333333333 0.5 0.49583333333333335
6 0.4640625 0.7 0.3828125 0.6270833333333333 0.3546875 0.6166666666666667 0.3359375 0.6541666666666667 0.3359375 0.6583333333333333 0.4453125 0.7604166666666666 0.459375 0.7479166666666667 0.4734375 0.71875 0.4640625 0.7
7 0.4453125 0.50625 0.359375 0.49375 0.353125 0.5333333333333333 0.353125 0.55 0.44375 0.5645833333333333 0.4484375 0.5604166666666667 0.45 0.5229166666666667 0.4453125 0.50625
11 0.334375 0.5041666666666667 0.321875 0.4708333333333333 0.2703125 0.47291666666666665 0.2703125 0.48541666666666666 0.2734375 0.5333333333333333 0.3171875 0.53125 0.334375 0.5208333333333334 0.334375 0.5041666666666667
11 0.378125 0.43333333333333335 0.3703125 0.48541666666666666 0.3703125 0.4875 0.421875 0.5 0.428125 0.44166666666666665 0.4171875 0.4354166666666667 0.378125 0.43333333333333335
9 0.2859375 0.6604166666666667 0.271875 0.6708333333333333 0.259375 0.7104166666666667 0.259375 0.7208333333333333 0.2984375 0.7416666666666667 0.3125 0.7270833333333333 0.3234375 0.6833333333333333 0.2859375 0.6604166666666667
10 0.4890625 0.5958333333333333 0.409375 0.5875 0.403125 0.6270833333333333 0.403125 0.64375 0.4921875 0.6583333333333333 0.496875 0.6541666666666667 0.5 0.6020833333333333 0.4890625 0.5958333333333333
4 0.4078125 0.58125 0.3984375 0.5645833333333333 0.378125 0.5583333333333333 0.3625 0.5666666666666667 0.353125 0.5854166666666667 0.353125 0.6 0.365625 0.6229166666666667 0.384375 0.625 0.4 0.6125 0.4078125 0.58125
13 0.53125 0.5458333333333333 0.5 0.5854166666666667 0.5 0.5875 0.53125 0.6291666666666667 0.5625 0.59375 0.5609375 0.58125 0.53125 0.5458333333333333
14 0.4625 0.3875 0.3421875 0.3416666666666667 0.3359375 0.3458333333333333 0.3265625 0.38958333333333334 0.3265625 0.39791666666666664 0.453125 0.4479166666666667 0.4609375 0.44375 0.4703125 0.4 0.4625 0.3875
12 0.6296875 0.32083333333333336 0.625 0.35625 0.625 0.3671875 0.625 0.44375 0.6703125 0.44583333333333336 0.6734375 0.32083333333333336 0.6296875 0.32083333333333336