3 0.5296875 0.6270833333333333 0.5234375 0.5895833333333333 0.4640625 0.6 0.4671875 0.6541666666666667 0.471875 0.6583333333333333 0.528125 0.65 0.5296875 0.6375 0.5296875 0.6270833333333333
1 0.45625 0.35625 0.4125 0.35 0.40625 0.40208333333333335 0.45 0.4125 0.4578125 0.35833333333333334 0.45625 0.35625
2 0.5203125 0.4979166666666667 0.3859375 0.4666666666666667 0.378125 0.5229166666666667 0.5140625 0.5541666666666667 0.5203125 0.5083333333333333 0.5203125 0.4979166666666667
3 0.6328125 0.6583333333333333 0.58125 0.5645833333333333 0.575 0.5645833333333333 0.546875 0.59375 0.5453125 0.6 0.5609375 0.6333333333333333 0.5984375 0.6958333333333333 0.634375 0.6604166666666667 0.6328125 0.6583333333333333
9 0.7265625 0.5604166666666667 0.7015625 0.5229166666666667 0.6953125 0.5208333333333334 0.6828125 0.5270833333333333 0.659375 0.55625 0.6765625 0.5916666666666667 0.6921875 0.6020833333333333 0.7 0.6 0.7265625 0.5666666666666667 0.7265625 0.5604166666666667
10 0.6515625 0.4708333333333333 0.6421875 0.41875 0.553125 0.44166666666666665 0.5625 0.4979166666666667 0.64375 0.48125 0.653125 0.47291666666666665 0.6515625 0.4708333333333333
11 0.5109375 0.36666666666666664 0.459375 0.35833333333333334 0.4515625 0.41458333333333336 0.5015625 0.42291666666666666 0.5109375 0.36875 0.5109375 0.36666666666666664
11 0.4390625 0.4166666666666667 0.3875 0.40625 0.3796875 0.46041666666666664 0.43125 0.475 0.4390625 0.4270833333333333 0.4390625 0.4166666666666667
5 0.515625 0.44166666666666665 0.50625 0.425 0.4703125 0.425 0.4625 0.4791666666666667 0.5078125 0.49166666666666664 0.515625 0.44375 0.515625 0.44166666666666665
7 0.6015625 0.39166666666666666 0.58125 0.34791666666666665 0.575 0.34791666666666665 0.509375 0.41041666666666665 0.50625 0.42083333333333334 0.521875 0.45625 0.53125 0.46041666666666664 0.603125 0.39375 0.6015625 0.39166666666666666
6 0.7140625 0.49166666666666664 0.6921875 0.45 0.684375 0.4479166666666667 0.584375 0.5479166666666667 0.5796875 0.5604166666666667 0.6015625 0.6 0.6078125 0.6020833333333333 0.7140625 0.49375 0.7140625 0.49166666666666664
13 0.5796875 0.5041666666666667 0.5671875 0.4979166666666667 0.534375 0.4979166666666667 0.53125 0.55625 0.575 0.5625 0.5796875 0.5145833333333333 0.5796875 0.5041666666666667
14 0.528125 0.30625 0.39375 0.2875 0.3875 0.3416666666666667 0.3953125 0.34791666666666665 0.4359375 0.34791666666666665 0.5203125 0.3645833333333333 0.525 0.35833333333333334 0.528125 0.31666666666666665 0.528125 0.30625
4 0.6515625 0.325 0.6390625 0.30625 0.6203125 0.30416666666666664 0.6 0.32708333333333334 0.596875 0.34375 0.6109375 0.3729166666666667 0.6234375 0.3729166666666667 0.6484375 0.3541666666666667 0.6515625 0.33541666666666664 0.6515625 0.325