6 0.3015625 0.36666666666666664 0.35 0.49375 0.353125 0.5125 0.3671875 0.5229166666666667 0.3921875 0.50625 0.4015625 0.49166666666666664 0.396875 0.47291666666666665 0.34375 0.3416666666666667 0.3375 0.33541666666666664 0.3015625 0.35833333333333334 0.3015625 0.36666666666666664
2 0.2796875 0.5166666666666667 0.3828125 0.6291666666666667 0.3921875 0.6229166666666667 0.4125 0.5854166666666667 0.3109375 0.4708333333333333 0.2984375 0.48125 0.2796875 0.5145833333333333 0.2796875 0.5166666666666667
3 0.390625 0.35625 0.48125 0.38125 0.4875 0.325 0.4 0.3 0.390625 0.34791666666666665 0.390625 0.35625
8 0.325 0.3020833333333333 0.35625 0.35833333333333334 0.3875 0.3333333333333333 0.3921875 0.3229166666666667 0.3890625 0.30833333333333335 0.3609375 0.2625 0.325 0.29375 0.325 0.3020833333333333
11 0.375 0.4125 0.3796875 0.42291666666666666 0.440625 0.43333333333333335 0.4484375 0.3770833333333333 0.4046875 0.3625 0.3828125 0.3625 0.375 0.41041666666666665 0.375 0.4125
11 0.5890625 0.44166666666666665 0.615625 0.5 0.653125 0.4666666666666667 0.6296875 0.4041666666666667 0.5875 0.4395833333333333 0.5890625 0.44166666666666665
12 0.5640625 0.39166666666666666 0.584375 0.43333333333333335 0.5890625 0.43333333333333335 0.6578125 0.3770833333333333 0.6640625 0.36041666666666666 0.65 0.32916666666666666 0.6390625 0.31875 0.5640625 0.3854166666666667 0.5640625 0.39166666666666666
5 0.4921875 0.33958333333333335 0.5046875 0.3875 0.540625 0.375 0.5484375 0.3645833333333333 0.5390625 0.31875 0.5328125 0.30833333333333335 0.4921875 0.325 0.4921875 0.33958333333333335
1 0.459375 0.6666666666666666 0.46875 0.6770833333333334 0.503125 0.6729166666666667 0.5078125 0.6541666666666667 0.50625 0.6166666666666667 0.4984375 0.6083333333333333 0.465625 0.6125 0.459375 0.6208333333333333 0.459375 0.6552083333333333 0.459375 0.6666666666666666
13 0.409375 0.45625 0.425 0.50625 0.4609375 0.49166666666666664 0.4703125 0.48125 0.459375 0.4395833333333333 0.45 0.43125 0.409375 0.45 0.409375 0.45625
9 0.3734375 0.5375 0.4015625 0.575 0.4078125 0.575 0.4359375 0.53125 0.4046875 0.49375 0.3734375 0.5333333333333333 0.3734375 0.5375
4 0.459375 0.43333333333333335 0.471875 0.45208333333333334 0.4890625 0.45625 0.5046875 0.44166666666666665 0.5078125 0.41041666666666665 0.5015625 0.39791666666666664 0.48125 0.38958333333333334 0.4625 0.4041666666666667 0.459375 0.42291666666666666 0.459375 0.43333333333333335
7 0.3765625 0.70625 0.409375 0.7333333333333333 0.4171875 0.73125 0.4578125 0.6375 0.45625 0.6208333333333333 0.4234375 0.6 0.3765625 0.7 0.3765625 0.70625
14 0.4515625 0.54375 0.5453125 0.6645833333333333 0.5546875 0.6645833333333333 0.578125 0.63125 0.5796875 0.6208333333333333 0.4875 0.50625 0.478125 0.5041666666666667 0.4515625 0.5416666666666666 0.4515625 0.54375
10 0.4890625 0.4666666666666667 0.503125 0.5104166666666666 0.509375 0.5145833333333333 0.584375 0.4708333333333333 0.5890625 0.46041666666666664 0.5765625 0.42291666666666666 0.5671875 0.41458333333333336 0.4890625 0.4625 0.4890625 0.4666666666666667