9 0.6875 0.6395833333333333 0.678125 0.63125 0.6375 0.6291666666666667 0.634375 0.6875 0.6421875 0.6958333333333333 0.6828125 0.6979166666666666 0.6875 0.64375 0.6875 0.6395833333333333
10 0.440625 0.4479166666666667 0.4265625 0.40625 0.41875 0.40208333333333335 0.34375 0.4479166666666667 0.3421875 0.46041666666666664 0.353125 0.49583333333333335 0.365625 0.5020833333333333 0.4328125 0.4625 0.440625 0.45208333333333334 0.440625 0.4479166666666667
11 0.490625 0.63125 0.48125 0.6208333333333333 0.4171875 0.6125 0.4109375 0.6708333333333333 0.44375 0.6833333333333333 0.484375 0.6833333333333333 0.490625 0.6458333333333334 0.490625 0.63125
11 0.6015625 0.46041666666666664 0.6 0.43125 0.5921875 0.42083333333333334 0.5421875 0.42291666666666666 0.5296875 0.42916666666666664 0.534375 0.48541666666666666 0.5984375 0.48125 0.6015625 0.4666666666666667 0.6015625 0.46041666666666664
8 0.728125 0.48125 0.6828125 0.46458333333333335 0.665625 0.5333333333333333 0.7125 0.5520833333333334 0.728125 0.5 0.728125 0.48125
3 0.7046875 0.3416666666666667 0.6953125 0.33541666666666664 0.6125 0.3229166666666667 0.6046875 0.37916666666666665 0.6953125 0.39791666666666664 0.7046875 0.34375 0.7046875 0.3416666666666667
2 0.6078125 0.525 0.584375 0.48541666666666666 0.578125 0.48541666666666666 0.4921875 0.5729166666666666 0.475 0.6 0.5 0.6375 0.5078125 0.6375 0.6078125 0.5291666666666667 0.6078125 0.525
1 0.534375 0.4708333333333333 0.5296875 0.4270833333333333 0.4875 0.43333333333333335 0.4921875 0.49166666666666664 0.534375 0.48541666666666666 0.534375 0.4708333333333333
7 0.515625 0.5208333333333334 0.49375 0.49583333333333335 0.48125 0.4895833333333333 0.428125 0.58125 0.446875 0.6041666666666666 0.4625 0.6125 0.515625 0.525 0.515625 0.5208333333333334
6 0.5875 0.30833333333333335 0.5671875 0.27291666666666664 0.559375 0.26875 0.4625 0.37083333333333335 0.45625 0.3875 0.4734375 0.41875 0.484375 0.425 0.5875 0.3145833333333333 0.5875 0.30833333333333335
5 0.659375 0.4354166666666667 0.6203125 0.42291666666666666 0.609375 0.42916666666666664 0.603125 0.48333333333333334 0.63125 0.49375 0.6515625 0.49166666666666664 0.659375 0.44583333333333336 0.659375 0.4354166666666667
14 0.6453125 0.5645833333333333 0.621875 0.525 0.6140625 0.525 0.5109375 0.6354166666666666 0.5296875 0.6708333333333333 0.540625 0.6791666666666667 0.6453125 0.5708333333333333 0.6453125 0.5645833333333333
13 0.590625 0.3770833333333333 0.5890625 0.35833333333333334 0.546875 0.35833333333333334 0.5453125 0.42083333333333334 0.5890625 0.41875 0.590625 0.39027708333333333 0.590625 0.3770833333333333
12 0.4828125 0.47291666666666665 0.4578125 0.44583333333333336 0.446875 0.4479166666666667 0.4 0.525 0.396875 0.5395833333333333 0.428125 0.5729166666666666 0.4828125 0.4791666666666667 0.4828125 0.47291666666666665
4 0.41875 0.5708333333333333 0.4015625 0.55 0.3875 0.55 0.3734375 0.5625 0.36875 0.59375 0.3828125 0.6125 0.4 0.6145833333333334 0.41875 0.5875 0.41875 0.5708333333333333