11 0.7068609375 0.5348291666666667 0.7254265625 0.49229375 0.7262109375 0.44592291666666667 0.683065625 0.4309291666666667 0.6658062499999999 0.5194875 0.7068609375 0.5348291666666667
6 0.666590625 0.6230395833333334 0.6835875 0.5686479166666667 0.558071875 0.4982208333333333 0.5421203125 0.5501708333333333 0.666590625 0.6230395833333334
5 0.609846875 0.52436875 0.6464562500000001 0.48880625 0.6197843749999999 0.4420875 0.58474375 0.4804395833333333 0.609846875 0.52436875
3 0.6984921875000001 0.6927708333333332 0.7099984375 0.6383791666666667 0.6192609375 0.6076979166666666 0.6090625000000001 0.6648770833333334 0.6984921875000001 0.6927708333333332
13 0.5795140625 0.63489375 0.5826515624999999 0.5735291666666666 0.5381984375 0.5703916666666667 0.5350609375000001 0.6296645833333333 0.5795140625 0.63489375
1 0.5714078125000001 0.6927708333333332 0.564346875 0.6359395833333333 0.52329375 0.6387291666666666 0.5285234375 0.7007895833333334 0.5714078125000001 0.6927708333333332
10 0.49740624999999994 0.7088083333333334 0.472040625 0.59445 0.4294171875 0.60909375 0.45347499999999996 0.72554375 0.49740624999999994 0.7088083333333334
8 0.499759375 0.5393625 0.49400625 0.48253125 0.43804687500000006 0.4912479166666667 0.44223125 0.5512166666666667 0.499759375 0.5393625
14 0.57820625 0.4204708333333333 0.567746875 0.3653833333333333 0.436478125 0.4096625 0.44615312500000004 0.46405208333333337 0.57820625 0.4204708333333333
2 0.62030625 0.3123875 0.6046171874999999 0.26183125 0.4796234375 0.33226041666666667 0.4968828125 0.3863020833333334 0.62030625 0.3123875
7 0.5000203125 0.30367083333333333 0.4966203125 0.24579374999999998 0.40379062499999996 0.2562520833333333 0.407975 0.31343333333333334 0.5000203125 0.30367083333333333
11 0.4035296875 0.3807229166666667 0.48067031250000003 0.3716583333333333 0.47779375 0.3123875 0.43961562499999995 0.31099166666666667 0.400653125 0.32040624999999995 0.4035296875 0.3807229166666667
12 0.44510781250000003 0.4804395833333333 0.43883124999999995 0.4236083333333333 0.344171875 0.44975625 0.35436875 0.5037979166666667 0.44510781250000003 0.4804395833333333
9 0.3679671875 0.4351145833333333 0.384440625 0.38386041666666665 0.3412953125 0.35422499999999996 0.32194375000000003 0.40791875 0.3679671875 0.4351145833333333
4 0.3399875 0.5968895833333333 0.3303125 0.61223125 0.33005 0.63315 0.3397265625 0.6495375 0.3580296875 0.6558125 0.37162812500000003 0.6464 0.3768578125 0.6178104166666666 0.3669203125 0.5982854166666667 0.3541078125 0.5913125 0.3399875 0.5968895833333333