14 0.482975 0.23743541666666665 0.6165984375 0.28589791666666664 0.6270578125 0.22662708333333334 0.4950046875 0.18234791666666667 0.482975 0.23743541666666665
6 0.5297828124999999 0.31413958333333336 0.66000625 0.3702729166666667 0.67281875 0.31274375 0.5428578125 0.26323541666666667 0.5297828124999999 0.31413958333333336
13 0.5867875 0.42745208333333334 0.6317640625000001 0.44488541666666664 0.6417015625 0.38735625 0.5969859375000001 0.37341041666666663 0.5867875 0.42745208333333334
1 0.5190609375 0.3716666666666667 0.5514859375000001 0.40688124999999997 0.5802515625 0.36295 0.547825 0.3287833333333333 0.5190609375 0.3716666666666667
8 0.5684843749999999 0.5292604166666667 0.62575 0.5153145833333334 0.617121875 0.4570875 0.55933125 0.4727770833333333 0.5684843749999999 0.5292604166666667
4 0.5250765625 0.46371249999999997 0.5167078125 0.46859375000000003 0.5093859375 0.4766125 0.5044187499999999 0.4919541666666667 0.505725 0.5055520833333333 0.513046875 0.52019375 0.5297828124999999 0.52681875 0.544165625 0.5188 0.5499171875 0.5079916666666667 0.5517484375 0.48602708333333333 0.5454718749999999 0.46929166666666666 0.5331828125 0.46231875 0.5250765625 0.46371249999999997
5 0.6163359374999999 0.71195625 0.6516375 0.6725583333333333 0.6247046875 0.6268833333333333 0.58861875 0.66314375 0.6163359374999999 0.71195625
11 0.48559062500000005 0.7879625 0.519584375 0.7942374999999999 0.5551468749999999 0.7907520833333332 0.55593125 0.7290395833333334 0.48715937499999995 0.73148125 0.48559062500000005 0.7879625
3 0.4772234375 0.7335729166666667 0.5182765625 0.7126520833333333 0.4845453125 0.6038729166666666 0.4447984375 0.6216541666666667 0.4772234375 0.7335729166666667
11 0.4513359375 0.6132854166666667 0.5222 0.5766770833333333 0.506509375 0.5233333333333333 0.4351234375 0.55924375 0.4513359375 0.6132854166666667
2 0.37759375 0.5937604166666667 0.4343375 0.7569312499999999 0.47251562500000005 0.7307833333333333 0.415771875 0.57075 0.37759375 0.5937604166666667
9 0.4445359375 0.5508770833333333 0.482453125 0.5323979166666667 0.467025 0.47870416666666665 0.42727812500000006 0.49822916666666667 0.4445359375 0.5508770833333333
7 0.316928125 0.5717958333333333 0.33889375 0.6181666666666668 0.41681875 0.5547125 0.39380625 0.5083395833333333 0.316928125 0.5717958333333333
12 0.43093906249999997 0.48776875 0.4633640625 0.45325208333333333 0.4042671875 0.36155624999999997 0.37105781250000003 0.39607291666666666 0.43093906249999997 0.48776875
10 0.314575 0.42954375 0.3911921875 0.49578958333333334 0.4081890625 0.4609229166666667 0.3885765625 0.42815 0.3407234375 0.38387083333333333 0.314575 0.42954375