7 0.340625 0.28541666666666665 0.4078125 0.34791666666666665 0.4140625 0.3458333333333333 0.4328125 0.3125 0.4359375 0.29583333333333334 0.3625 0.22708333333333333 0.3609375 0.22708333333333333 0.3375 0.26875 0.340625 0.28541666666666665
5 0.5984375 0.5854166666666667 0.6109375 0.5833333333333334 0.6390625 0.5520833333333334 0.615625 0.50625 0.6078125 0.50625 0.575 0.5395833333333333 0.5984375 0.5854166666666667
6 0.48125 0.68125 0.4859375 0.6833333333333333 0.503125 0.6645833333333333 0.5765625 0.5666666666666667 0.575 0.5416666666666666 0.553125 0.5208333333333334 0.5515625 0.51875 0.45625 0.6416666666666667 0.48125 0.68125
1 0.5046875 0.53125 0.5125 0.5416666666666666 0.5484375 0.51875 0.5484375 0.50625 0.5328125 0.4666666666666667 0.5265625 0.4666666666666667 0.49375 0.4875 0.5046875 0.53125
2 0.3703125 0.46041666666666664 0.4 0.48541666666666666 0.478125 0.3416666666666667 0.471875 0.32916666666666666 0.44375 0.30416666666666664 0.4421875 0.30416666666666664 0.365625 0.4479166666666667 0.3703125 0.46041666666666664
3 0.4703125 0.56875 0.509375 0.54375 0.4734375 0.4395833333333333 0.4703125 0.4354166666666667 0.434375 0.46041666666666664 0.4703125 0.56875
11 0.5078125 0.35208333333333336 0.540625 0.38333333333333336 0.553125 0.3875 0.5765625 0.33958333333333335 0.534375 0.2916666666666667 0.5328125 0.28958333333333336 0.50625 0.3375 0.5078125 0.35208333333333336
13 0.4828125 0.4625 0.5234375 0.4666666666666667 0.5296875 0.41458333333333336 0.525 0.4083333333333333 0.5015625 0.4041666666666667 0.49375 0.4041666666666667 0.4828125 0.41041666666666665 0.4828125 0.4625
12 0.4921875 0.26458333333333334 0.528125 0.29583333333333334 0.5359375 0.2916666666666667 0.5609375 0.32083333333333336 0.56875 0.31875 0.5859375 0.28541666666666665 0.5890625 0.26666666666666666 0.5578125 0.24791666666666667 0.515625 0.20208333333333334 0.5125 0.20208333333333334 0.490625 0.24583333333333332 0.4921875 0.26458333333333334
14 0.6140625 0.28541666666666665 0.6171875 0.4625 0.6625 0.4583333333333333 0.6625 0.32916666666666666 0.6578125 0.275 0.6546875 0.275 0.61875 0.27708333333333335 0.6140625 0.28541666666666665
4 0.43125 0.5875 0.4328125 0.6145833333333334 0.4484375 0.63125 0.4609375 0.63125 0.478125 0.6104166666666667 0.478125 0.5875 0.4625 0.5666666666666667 0.4546875 0.5666666666666667 0.4375 0.5729166666666666 0.43125 0.5875
9 0.559375 0.51875 0.5640625 0.5145833333333333 0.5796875 0.5291666666666667 0.6078125 0.48541666666666666 0.5765625 0.4479166666666667 0.571875 0.4479166666666667 0.5453125 0.49166666666666664 0.559375 0.51875
1 0.5171875 0.6520833333333333 0.5546875 0.69375 0.584375 0.6541666666666667 0.55 0.6041666666666666 0.546875 0.6041666666666666 0.5203125 0.6375 0.5171875 0.6520833333333333
10 0.4296875 0.6145833333333334 0.4421875 0.49583333333333335 0.4078125 0.4875 0.3984375 0.4875 0.3859375 0.60625 0.4296875 0.6145833333333334