2 0.2609375 0.43125 0.2875 0.47291666666666665 0.2953125 0.47291666666666665 0.3859375 0.3729166666666667 0.3953125 0.3541666666666667 0.375 0.32083333333333336 0.3625 0.3145833333333333 0.2609375 0.4270833333333333 0.2609375 0.43125
3 0.4328125 0.7083333333333334 0.471875 0.73125 0.5109375 0.6208333333333333 0.475 0.5979166666666667 0.46875 0.6 0.4328125 0.7020833333333333 0.4328125 0.7083333333333334
1 0.5609375 0.625 0.596875 0.6520833333333333 0.6140625 0.6291666666666667 0.6203125 0.6020833333333333 0.5828125 0.5729166666666666 0.5609375 0.61875 0.5609375 0.625
14 0.3296875 0.5479166666666667 0.434375 0.6541666666666667 0.4453125 0.6479166666666667 0.4625 0.6125 0.4609375 0.6041666666666666 0.3609375 0.50625 0.353125 0.5041666666666667 0.3296875 0.5416666666666666 0.3296875 0.5479166666666667
12 0.3703125 0.5145833333333333 0.4421875 0.5875 0.4703125 0.54375 0.46875 0.5354166666666667 0.3984375 0.4666666666666667 0.36875 0.5125 0.3703125 0.5145833333333333
13 0.528125 0.6833333333333333 0.56875 0.7104166666666667 0.5875 0.6583333333333333 0.5484375 0.6270833333333333 0.528125 0.675 0.528125 0.6833333333333333
4 0.6 0.6583333333333333 0.60625 0.6791666666666667 0.621875 0.69375 0.640625 0.6895833333333333 0.6515625 0.6708333333333333 0.65 0.6458333333333334 0.6296875 0.625 0.615625 0.6291666666666667 0.6 0.65625 0.6 0.6583333333333333
7 0.38125 0.42291666666666666 0.415625 0.45416666666666666 0.4578125 0.375 0.4640625 0.35 0.4296875 0.3229166666666667 0.38125 0.4166666666666667 0.38125 0.42291666666666666
6 0.4734375 0.35625 0.5984375 0.40625 0.6078125 0.40208333333333335 0.6171875 0.3645833333333333 0.6171875 0.35208333333333336 0.6125 0.34791666666666665 0.490625 0.3020833333333333 0.4828125 0.30625 0.4734375 0.35 0.4734375 0.35625
9 0.2421875 0.53125 0.275 0.55 0.2921875 0.5479166666666667 0.3078125 0.4979166666666667 0.275 0.4791666666666667 0.259375 0.47708333333333336 0.2421875 0.5229166666666667 0.2421875 0.53125
10 0.4125 0.475 0.4328125 0.5 0.446875 0.5083333333333333 0.496875 0.41041666666666665 0.4625 0.37916666666666665 0.4125 0.4708333333333333 0.4125 0.475
11 0.5265625 0.5333333333333333 0.5703125 0.5666666666666667 0.590625 0.5125 0.54375 0.48541666666666666 0.5265625 0.5291666666666667 0.5265625 0.5333333333333333
11 0.3296875 0.475 0.3578125 0.5041666666666667 0.36875 0.5083333333333333 0.4046875 0.4479166666666667 0.3703125 0.41458333333333336 0.3296875 0.46875 0.3296875 0.475
8 0.503125 0.46875 0.546875 0.47291666666666665 0.55625 0.4375 0.5546875 0.4041666666666667 0.5421875 0.3958333333333333 0.50625 0.3958333333333333 0.503125 0.45555625 0.503125 0.46875
5 0.4890625 0.5833333333333334 0.5265625 0.6083333333333333 0.5390625 0.5895833333333333 0.55 0.5583333333333333 0.5234375 0.5333333333333333 0.509375 0.5291666666666667 0.4890625 0.575 0.4890625 0.5833333333333334