8 0.378125 0.32708333333333334 0.421875 0.33125 0.4375 0.3229166666666667 0.4359375 0.26875 0.4203125 0.26666666666666666 0.4114578125 0.26666666666666666 0.378125 0.27291666666666664 0.378125 0.32708333333333334
6 0.3171875 0.46875 0.35 0.4708333333333333 0.35625 0.45208333333333334 0.3609375 0.35208333333333336 0.3578125 0.2833333333333333 0.328125 0.2791666666666667 0.3203125 0.2791666666666667 0.309375 0.46041666666666664 0.3171875 0.46875
7 0.5140625 0.6333333333333333 0.540625 0.625 0.5546875 0.6125 0.528125 0.5 0.521875 0.5 0.4890625 0.5145833333333333 0.5140625 0.6333333333333333
5 0.425 0.48541666666666666 0.4421875 0.5125 0.4796875 0.48125 0.4765625 0.46458333333333335 0.45625 0.4270833333333333 0.45 0.4270833333333333 0.41875 0.45625 0.425 0.48541666666666666
3 0.5359375 0.38125 0.5765625 0.4 0.6078125 0.28541666666666665 0.571875 0.26458333333333334 0.5671875 0.26458333333333334 0.559375 0.275 0.5359375 0.38125
1 0.390625 0.5291666666666667 0.428125 0.5041666666666667 0.4078125 0.45208333333333334 0.4 0.45208333333333334 0.36875 0.4791666666666667 0.390625 0.5291666666666667
2 0.5125 0.42291666666666666 0.5515625 0.5916666666666667 0.5578125 0.59375 0.59375 0.5708333333333333 0.5546875 0.40208333333333335 0.5453125 0.40208333333333335 0.515625 0.41458333333333336 0.5125 0.42291666666666666
9 0.615625 0.5333333333333333 0.6328125 0.5833333333333334 0.64375 0.5833333333333334 0.675 0.5604166666666667 0.6609375 0.5083333333333333 0.653125 0.5083333333333333 0.6234375 0.5229166666666667 0.615625 0.5333333333333333
10 0.58125 0.45 0.6125 0.45625 0.6421875 0.33958333333333335 0.60625 0.3229166666666667 0.603125 0.3229166666666667 0.571875 0.4354166666666667 0.58125 0.45
11 0.4671875 0.65625 0.5109375 0.6416666666666667 0.5015625 0.58125 0.4953125 0.58125 0.45625 0.59375 0.4671875 0.65625
11 0.3828125 0.69375 0.4171875 0.6958333333333333 0.4234375 0.6770833333333334 0.428125 0.6208333333333333 0.425 0.6125 0.3984375 0.6083333333333333 0.384375 0.6083333333333333 0.371875 0.6875 0.3828125 0.69375
13 0.421875 0.3854166666666667 0.4265625 0.3958333333333333 0.4625 0.4 0.46875 0.39375 0.4703125 0.34375 0.465625 0.3333333333333333 0.4515625 0.33125 0.440625 0.33125 0.4234375 0.3375 0.421875 0.3854166666666667
14 0.49375 0.3645833333333333 0.53125 0.37916666666666665 0.5703125 0.2125 0.5703125 0.19791666666666666 0.5375 0.18333333333333332 0.5296875 0.18333333333333332 0.4890625 0.35625 0.49375 0.3645833333333333
4 0.465625 0.22083333333333333 0.4734375 0.25416666666666665 0.4890625 0.2625 0.5046875 0.2520833333333333 0.5140625 0.22291666666666668 0.5125 0.19791666666666666 0.4953125 0.17916666666666667 0.484375 0.17916666666666667 0.4671875 0.19791666666666666 0.465625 0.22083333333333333
12 0.3671875 0.32083333333333336 0.378125 0.325 0.378125 0.2708333333333333 0.3953125 0.26666666666666666 0.434375 0.26875 0.4328125 0.32916666666666666 0.4484375 0.33125 0.4546875 0.325 0.4546875 0.25833333333333336 0.421875 0.2625 0.36875 0.2520833333333333 0.3640625 0.2520833333333333 0.359375 0.3104166666666667 0.3671875 0.32083333333333336