2 0.746875 0.6125 0.628125 0.53125 0.61875 0.5354166666666667 0.60625 0.5708333333333333 0.609375 0.5875 0.725 0.6645833333333333 0.73125 0.6604166666666667 0.746875 0.61875 0.746875 0.6125
14 0.6046875 0.5375 0.4859375 0.46875 0.478125 0.4708333333333333 0.4625 0.51875 0.584375 0.5895833333333333 0.59375 0.5833333333333334 0.60625 0.5395833333333333 0.6046875 0.5375
6 0.59375 0.46041666666666664 0.5875 0.41875 0.5796875 0.4041666666666667 0.5796875 0.36875 0.5671875 0.2916666666666667 0.5625 0.2875 0.528125 0.29791666666666666 0.521875 0.3104166666666667 0.5328125 0.3458333333333333 0.5484375 0.47708333333333336 0.5828125 0.47291666666666665 0.59375 0.4625 0.59375 0.46041666666666664
1 0.6515625 0.4666666666666667 0.6078125 0.44583333333333336 0.590625 0.4979166666666667 0.621875 0.5208333333333334 0.634375 0.5229166666666667 0.6515625 0.4708333333333333 0.6515625 0.4666666666666667
5 0.6359375 0.3541666666666667 0.63125 0.34791666666666665 0.6046875 0.34791666666666665 0.584375 0.35625 0.5859375 0.41041666666666665 0.59375 0.4166666666666667 0.634375 0.41041666666666665 0.6359375 0.3645833333333333 0.6359375 0.3541666666666667
13 0.6296875 0.3145833333333333 0.6109375 0.2625 0.5703125 0.2875 0.5875 0.3416666666666667 0.6 0.33958333333333335 0.6296875 0.31666666666666665 0.6296875 0.3145833333333333
11 0.440625 0.5666666666666667 0.4140625 0.5229166666666667 0.384375 0.5479166666666667 0.35625 0.5791666666666667 0.35625 0.5854166666666667 0.3796875 0.6270833333333333 0.440625 0.5729166666666666 0.440625 0.5666666666666667
9 0.465625 0.6458333333333334 0.43125 0.6125 0.4125 0.6416666666666667 0.4046875 0.6645833333333333 0.4421875 0.6979166666666666 0.465625 0.6541666666666667 0.465625 0.6458333333333334
7 0.5828125 0.5916666666666667 0.490625 0.5770833333333333 0.484375 0.63125 0.49375 0.6375 0.575 0.6479166666666667 0.5828125 0.59375 0.5828125 0.5916666666666667
10 0.4578125 0.475 0.4375 0.43333333333333335 0.43125 0.43125 0.36875 0.4895833333333333 0.3609375 0.5041666666666667 0.3765625 0.5375 0.3890625 0.54375 0.459375 0.47708333333333336 0.4578125 0.475
12 0.5296875 0.3458333333333333 0.4953125 0.31666666666666665 0.44375 0.4083333333333333 0.4453125 0.42083333333333334 0.478125 0.4479166666666667 0.5296875 0.3541666666666667 0.5296875 0.3458333333333333
8 0.5515625 0.7 0.5453125 0.6479166666666667 0.49375 0.6541666666666667 0.4875 0.6604166666666667 0.4953125 0.7166666666666667 0.540625 0.7125 0.5515625 0.7020833333333333 0.5515625 0.7
4 0.44375 0.3770833333333333 0.43125 0.35 0.4125 0.3458333333333333 0.396875 0.35833333333333334 0.3921875 0.38333333333333336 0.396875 0.39791666666666664 0.4109375 0.4125 0.434375 0.41041666666666665 0.44375 0.38958333333333334 0.44375 0.3770833333333333
3 0.7078125 0.33125 0.678125 0.3229166666666667 0.659375 0.32708333333333334 0.64375 0.44166666666666665 0.6921875 0.45208333333333334 0.7078125 0.34375 0.7078125 0.33125
11 0.73125 0.53125 0.709375 0.5041666666666667 0.6796875 0.48333333333333334 0.6734375 0.48333333333333334 0.6515625 0.5270833333333333 0.6625 0.54375 0.7046875 0.5791666666666667 0.73125 0.5354166666666667 0.73125 0.53125