5 0.45625 0.2375 0.4421875 0.2625 0.4390625 0.28958333333333336 0.48125 0.3125 0.503125 0.26458333333333334 0.503125 0.25416666666666665 0.465625 0.225 0.4609375 0.225 0.453125 0.23125 0.45625 0.2375
9 0.3328125 0.425 0.3796875 0.4354166666666667 0.384375 0.425 0.384375 0.37916666666666665 0.35 0.36666666666666664 0.340625 0.36666666666666664 0.334375 0.3854166666666667 0.3328125 0.425
10 0.590625 0.60625 0.6125 0.49375 0.60625 0.48541666666666666 0.5796875 0.47708333333333336 0.56875 0.47708333333333336 0.55 0.59375 0.590625 0.60625
11 0.38125 0.6208333333333333 0.3890625 0.6270833333333333 0.4328125 0.6333333333333333 0.4359375 0.5708333333333333 0.403125 0.5645833333333333 0.39375 0.5645833333333333 0.384375 0.5645833333333333 0.38125 0.6208333333333333
11 0.5015625 0.5395833333333333 0.5078125 0.5458333333333333 0.5515625 0.54375 0.553125 0.48125 0.5515625 0.4791666666666667 0.503125 0.48333333333333334 0.5015625 0.5395833333333333
6 0.4375 0.6479166666666667 0.553125 0.6645833333333333 0.571875 0.6583333333333333 0.571875 0.60625 0.4546875 0.5895833333333333 0.440625 0.5895833333333333 0.4359375 0.6166666666666667 0.4375 0.6479166666666667
7 0.4421875 0.5854166666666667 0.478125 0.5916666666666667 0.4828125 0.5854166666666667 0.4953125 0.4708333333333333 0.465625 0.4625 0.4546875 0.4625 0.4390625 0.575 0.4421875 0.5854166666666667
14 0.4078125 0.43333333333333335 0.4328125 0.4354166666666667 0.5328125 0.4708333333333333 0.5390625 0.4625 0.546875 0.41041666666666665 0.421875 0.36875 0.4140625 0.36875 0.4046875 0.42083333333333334 0.4078125 0.43333333333333335
13 0.5453125 0.35208333333333336 0.5828125 0.3625 0.59375 0.34375 0.5984375 0.29791666666666666 0.5578125 0.28541666666666665 0.55625 0.28541666666666665 0.55 0.3020833333333333 0.5453125 0.35208333333333336
4 0.60625 0.2916666666666667 0.60625 0.3104166666666667 0.6203125 0.3333333333333333 0.6421875 0.32708333333333334 0.659375 0.3 0.65625 0.26875 0.6421875 0.25625 0.6296875 0.25625 0.6140625 0.2708333333333333 0.60625 0.2916666666666667
1 0.5984375 0.4270833333333333 0.609375 0.48333333333333334 0.6375 0.4791666666666667 0.65625 0.4666666666666667 0.6453125 0.4083333333333333 0.6421875 0.4083333333333333 0.60625 0.41875 0.5984375 0.4270833333333333
8 0.6171875 0.5770833333333333 0.6546875 0.575 0.6609375 0.56875 0.6578125 0.5 0.6390625 0.49583333333333335 0.6375 0.49583333333333335 0.6140625 0.5 0.6171875 0.5770833333333333
12 0.434375 0.56875 0.4515625 0.46458333333333335 0.45 0.44583333333333336 0.4140625 0.4375 0.4109375 0.4375 0.3921875 0.55625 0.434375 0.56875