10 0.55625 0.1875 0.5234375 0.20625 0.51875 0.21875 0.5578125 0.325 0.5953125 0.3 0.559375 0.1875 0.55625 0.1875
1 0.453125 0.3541666666666667 0.4234375 0.3625 0.4234375 0.3875 0.43125 0.42083333333333334 0.45625 0.42083333333333334 0.471875 0.41041666666666665 0.465625 0.3541666666666667 0.453125 0.3541666666666667
2 0.625 0.45 0.5328125 0.56875 0.53125 0.5833333333333334 0.55625 0.6125 0.5703125 0.60625 0.6578125 0.49166666666666664 0.63125 0.45 0.625 0.45
3 0.5779015625 0.5919645833333332 0.5091515625 0.6586312499999999 0.5138390625 0.6773812499999999 0.5325890625 0.7086312499999999 0.5388390625 0.7086312499999999 0.6060265625000001 0.63988125 0.6044640625000001 0.6294645833333333 0.5810265625000001 0.5919645833333332 0.5779015625 0.5919645833333332
8 0.45625 0.5916666666666667 0.4484375 0.6479166666666667 0.4890625 0.6666666666666666 0.5015625 0.6645833333333333 0.5125 0.6104166666666667 0.4671875 0.5916666666666667 0.45625 0.5916666666666667
6 0.4171875 0.4625 0.396875 0.5104166666666666 0.509375 0.60625 0.5140625 0.6041666666666666 0.534375 0.55625 0.421875 0.4625 0.4171875 0.4625
5 0.36875 0.49375 0.3609375 0.5 0.34375 0.5479166666666667 0.378125 0.575 0.3859375 0.575 0.40625 0.525 0.3703125 0.49375 0.36875 0.49375
11 0.5578125 0.35 0.5296875 0.3625 0.496875 0.3875 0.5140625 0.44166666666666665 0.5796875 0.4041666666666667 0.565625 0.35 0.5578125 0.35
11 0.496875 0.66875 0.4671875 0.7083333333333334 0.4953125 0.7520833333333333 0.5171875 0.76875 0.5453125 0.7270833333333333 0.5015625 0.66875 0.496875 0.66875
14 0.384375 0.34791666666666665 0.3109375 0.49583333333333335 0.315625 0.50625 0.3421875 0.5291666666666667 0.35 0.5270833333333333 0.4203125 0.3854166666666667 0.4203125 0.375 0.3875 0.34791666666666665 0.384375 0.34791666666666665
4 0.5 0.21875 0.484375 0.23125 0.4796875 0.2604166666666667 0.4859375 0.28541666666666665 0.4953125 0.29583333333333334 0.50625 0.29791666666666666 0.5203125 0.2875 0.528125 0.25833333333333336 0.5234375 0.23125 0.509375 0.21875 0.5 0.21875
13 0.4953125 0.4 0.4578125 0.42291666666666666 0.4734375 0.47708333333333336 0.5140625 0.45625 0.5 0.4 0.4953125 0.4
9 0.4296875 0.27708333333333335 0.4140625 0.2833333333333333 0.4171875 0.33958333333333335 0.4609375 0.34375 0.4609375 0.2791666666666667 0.43958281250000003 0.27708333333333335 0.4296875 0.27708333333333335
7 0.6546875 0.32083333333333336 0.575 0.3645833333333333 0.5828125 0.4041666666666667 0.5921875 0.42291666666666666 0.6703125 0.38333333333333336 0.675 0.36666666666666664 0.6609375 0.32083333333333336 0.6546875 0.32083333333333336