11 0.6604171875 0.2611104166666667 0.6916671875 0.3222229166666667 0.703125 0.31111041666666667 0.7427078125000001 0.2708333333333333 0.6947921874999999 0.22083333333333333 0.6604171875 0.2611104166666667
6 0.6375 0.49166666666666664 0.6447921875 0.5527770833333334 0.7864578125 0.51944375 0.7791671874999999 0.4583333333333333 0.6375 0.49166666666666664
14 0.6 0.43888958333333333 0.6135421875 0.49861041666666667 0.746875 0.43611041666666667 0.7458328125 0.425 0.7354171875 0.38333333333333336 0.6 0.43888958333333333
9 0.596875 0.31944374999999997 0.5729171875 0.37361041666666667 0.6104171875 0.40138958333333336 0.6375 0.35 0.596875 0.31944374999999997
11 0.6166671874999999 0.6138895833333333 0.628125 0.6722229166666666 0.6833328125 0.6666666666666666 0.6760421875 0.60694375 0.6166671874999999 0.6138895833333333
13 0.5666671875 0.5486104166666668 0.5635421875 0.6138895833333333 0.609375 0.6111104166666668 0.6135421875 0.5527770833333334 0.5666671875 0.5486104166666668
5 0.540625 0.6055562499999999 0.534375 0.6680562499999999 0.58125 0.6763895833333333 0.5895828125 0.6125 0.540625 0.6055562499999999
2 0.41354218749999994 0.64305625 0.40625 0.6972229166666666 0.54375 0.7263895833333333 0.5447921874999999 0.7277770833333334 0.55 0.66944375 0.41354218749999994 0.64305625
8 0.5458328125 0.5611104166666667 0.5802078125000001 0.5347229166666666 0.5520828125 0.46388958333333336 0.5145828125 0.49305625000000003 0.5458328125 0.5611104166666667
1 0.4895828125 0.3986104166666667 0.49791718749999997 0.45972291666666665 0.5427078125 0.4472229166666667 0.5364578125 0.38888958333333334 0.4895828125 0.3986104166666667
7 0.46979218749999996 0.33472291666666665 0.47291718749999995 0.39027708333333333 0.5677078125 0.38194374999999997 0.5625 0.3236104166666667 0.46979218749999996 0.33472291666666665
12 0.3979171875 0.43888958333333333 0.40416718749999997 0.5083333333333333 0.421875 0.5013895833333334 0.42291718749999996 0.4791666666666667 0.43645781250000004 0.4583333333333333 0.45520781250000003 0.45 0.47291718749999995 0.4625 0.48541718749999996 0.475 0.48541718749999996 0.49166666666666664 0.5010421875 0.48611041666666666 0.4947921875 0.4263895833333333 0.3979171875 0.43888958333333333
4 0.48333281250000004 0.5041666666666667 0.465625 0.50694375 0.453125 0.5333333333333333 0.4583328125 0.5583333333333333 0.471875 0.5666666666666667 0.4895828125 0.5666666666666667 0.5010421875 0.55 0.5 0.51805625 0.48333281250000004 0.5041666666666667
3 0.409375 0.29861041666666666 0.371875 0.32777708333333333 0.41354218749999994 0.43888958333333333 0.4114578125 0.42222291666666667 0.41354218749999994 0.4277770833333333 0.45104218749999997 0.40694375 0.409375 0.29861041666666666
10 0.3802078125 0.5416666666666666 0.328125 0.6486104166666667 0.3708328125 0.6777770833333334 0.41875 0.575 0.3802078125 0.5416666666666666