4 0.4453125 0.6520833333333333 0.4484375 0.6729166666666667 0.4671875 0.6916666666666667 0.484375 0.6875 0.4953125 0.66875 0.4953125 0.6583333333333333 0.4875 0.6291666666666667 0.471875 0.61875 0.459375 0.6229166666666667 0.4453125 0.6520833333333333
8 0.5796875 0.34375 0.5859375 0.34375 0.609375 0.30625 0.609375 0.29583333333333334 0.575 0.2520833333333333 0.56875 0.2520833333333333 0.540625 0.29375 0.5796875 0.34375
1 0.45625 0.5270833333333333 0.4625 0.4875 0.4625 0.475 0.4578125 0.4666666666666667 0.4203125 0.46458333333333335 0.4140625 0.51875 0.45625 0.5270833333333333
5 0.415625 0.4875 0.415625 0.4791666666666667 0.371875 0.4708333333333333 0.3640625 0.5291666666666667 0.409375 0.5395833333333333 0.415625 0.4875
6 0.5140625 0.38958333333333334 0.63125 0.42083333333333334 0.64375 0.4166666666666667 0.65 0.3770833333333333 0.65 0.3645833333333333 0.515625 0.32916666666666666 0.5046875 0.37083333333333335 0.50625 0.38333333333333336 0.5140625 0.38958333333333334
7 0.6546875 0.5479166666666667 0.6875 0.5791666666666667 0.7421875 0.4875 0.7421875 0.48125 0.715625 0.45208333333333334 0.7015625 0.45 0.659375 0.5229166666666667 0.6546875 0.5479166666666667
9 0.396875 0.6416666666666667 0.4375 0.6166666666666667 0.4375 0.6145833333333334 0.41875 0.5625 0.378125 0.5854166666666667 0.3828125 0.6104166666666667 0.396875 0.6416666666666667
11 0.50625 0.5395833333333333 0.5109375 0.5041666666666667 0.5109375 0.49375 0.5078125 0.4375 0.4640625 0.44166666666666665 0.4640625 0.5375 0.50625 0.5395833333333333
11 0.6578125 0.3541666666666667 0.6640625 0.3104166666666667 0.6640625 0.3 0.65625 0.2625 0.6109375 0.26666666666666666 0.6140625 0.35208333333333336 0.6578125 0.3541666666666667
10 0.6140625 0.6854166666666667 0.634375 0.7020833333333333 0.690625 0.6125 0.6921875 0.6104166666666667 0.6625 0.5770833333333333 0.653125 0.575 0.5984375 0.6625 0.6140625 0.6854166666666667
13 0.5609375 0.4979166666666667 0.5671875 0.5041666666666667 0.5765625 0.5041666666666667 0.6078125 0.48125 0.6078125 0.47291666666666665 0.590625 0.42916666666666664 0.559375 0.44166666666666665 0.546875 0.45416666666666666 0.5609375 0.4979166666666667
15 0.5453125 0.5645833333333333 0.5515625 0.58125 0.64375 0.5604166666666667 0.64375 0.54375 0.6359375 0.5020833333333333 0.60625 0.5041666666666667 0.5421875 0.5229166666666667 0.5453125 0.5645833333333333
14 0.3265625 0.5541666666666667 0.321875 0.5604166666666667 0.3234375 0.5729166666666666 0.371875 0.7208333333333333 0.38125 0.725 0.415625 0.7020833333333333 0.415625 0.6958333333333333 0.3796875 0.60625 0.365625 0.5416666666666666 0.3578125 0.5354166666666667 0.3265625 0.5541666666666667