5 0.666059375 0.6170145833333333 0.62396875 0.632925 0.6413249999999999 0.7009083333333332 0.6858046875 0.6844187500000001 0.6743046875 0.6228 0.666059375 0.6170145833333333
11 0.5593125 0.6083354166666666 0.5697265625 0.6789229166666666 0.6137703125 0.6612770833333333 0.6079125000000001 0.5938708333333333 0.5593125 0.6083354166666666
11 0.5423890625000001 0.5319645833333333 0.55844375 0.608625 0.60639375 0.592425 0.584696875 0.5177875000000001 0.5423890625000001 0.5319645833333333
10 0.6191953125 0.46224375 0.58665 0.4966708333333333 0.6450140625 0.58721875 0.676475 0.5493208333333333 0.6191953125 0.46224375
14 0.6272234375 0.38787916666666666 0.5951109375 0.42838125 0.6910109375 0.55713125 0.721603125 0.515475 0.6272234375 0.38787916666666666
7 0.6226671875 0.27767708333333335 0.5909890625 0.31355 0.649353125 0.40612291666666667 0.682115625 0.36677916666666666 0.6226671875 0.27767708333333335
9 0.593159375 0.3170208333333333 0.558878125 0.35405 0.5853484375 0.3997583333333333 0.6194124999999999 0.36301875 0.593159375 0.3170208333333333
12 0.5688578125 0.4396791666666667 0.5658203125 0.41422291666666666 0.5651703125 0.3878979166666667 0.563 0.36388541666666663 0.518521875 0.37372083333333334 0.5228609375 0.42376874999999997 0.5258984375 0.4454666666666667 0.5272 0.49233125 0.5387 0.49435625 0.57905625 0.48394166666666666 0.575584375 0.46687291666666664 0.5688578125 0.4396791666666667
1 0.529153125 0.2869354166666667 0.499428125 0.33003958333333333 0.5278515625 0.36938333333333334 0.55844375 0.3283041666666667 0.529153125 0.2869354166666667
8 0.46189375000000005 0.3482645833333333 0.45234687500000004 0.4017833333333333 0.5085421875 0.41913958333333334 0.5161359375 0.36504375 0.46189375000000005 0.3482645833333333
3 0.4254421875 0.2996625 0.40548124999999996 0.41769375 0.4458375 0.42897708333333334 0.46818593750000004 0.31268124999999997 0.4254421875 0.2996625
4 0.3946328125 0.4376541666666667 0.3833515625 0.49811666666666665 0.44366874999999995 0.51460625 0.45299843749999996 0.45530208333333333 0.3946328125 0.4376541666666667
13 0.3722859375 0.31673125 0.362521875 0.3757479166666667 0.4072171875 0.3861604166666667 0.41567968750000006 0.3283041666666667 0.3722859375 0.31673125