0 0.875 0 0.85 0.04791666666666667 0.7859375 0.1375 0.7625 0.15625 0.6921875 0.1875 0.6515625 0.24375 0.6359375 0.28125 0.63125 0.3145833333333333 0.65 0.31666666666666665 0.5953125 0.39166666666666666 0.5875 0.4166666666666667 0.5921875 0.4395833333333333 0.6140625 0.45208333333333334 0.653125 0.4479166666666667 0.653125 0.47291666666666665 0.665625 0.48333333333333334 0.6953125 0.4708333333333333 0.71875 0.4791666666666667 0.740625 0.47708333333333336 0.78125 0.44583333333333336 0.83125 0.3645833333333333 0.86875 0.2520833333333333 0.9921875 0.03125 0.9984375 0.01875 0.9984375 0 0.9902078124999999 0 0.875 0
10 0.59375 0.3875 0.5953125 0.37083333333333335 0.6234375 0.31875 0.6359375 0.27708333333333335 0.609375 0.24791666666666667 0.60625 0.24791666666666667 0.553125 0.3458333333333333 0.59375 0.3875
11 0.6 0.6833333333333333 0.621875 0.6208333333333333 0.5875 0.5916666666666667 0.5828125 0.5916666666666667 0.5609375 0.6520833333333333 0.6 0.6833333333333333
11 0.5203125 0.7291666666666666 0.5609375 0.7 0.5328125 0.6291666666666667 0.528125 0.6291666666666667 0.4953125 0.6520833333333333 0.5203125 0.7291666666666666
14 0.36875 0.38958333333333334 0.39375 0.39791666666666664 0.4125 0.38958333333333334 0.440625 0.23541666666666666 0.4375 0.21875 0.4078125 0.20833333333333334 0.3984375 0.20833333333333334 0.3671875 0.3729166666666667 0.36875 0.38958333333333334
13 0.49375 0.49583333333333335 0.5 0.4875 0.5078125 0.4395833333333333 0.4734375 0.42083333333333334 0.46875 0.42083333333333334 0.4546875 0.47708333333333336 0.49375 0.49583333333333335
15 0.475 0.66875 0.5046875 0.55 0.4734375 0.5333333333333333 0.4640625 0.5333333333333333 0.4359375 0.65 0.475 0.66875
6 0.334375 0.46875 0.403125 0.6041666666666666 0.415625 0.6145833333333334 0.44375 0.59375 0.446875 0.5791666666666667 0.371875 0.43333333333333335 0.365625 0.43333333333333335 0.3359375 0.46041666666666664 0.334375 0.46875
7 0.5796875 0.5666666666666667 0.6265625 0.6083333333333333 0.6453125 0.6333333333333333 0.65625 0.6291666666666667 0.6765625 0.5916666666666667 0.6765625 0.5833333333333334 0.6078125 0.5145833333333333 0.603125 0.5145833333333333 0.5796875 0.55 0.5796875 0.5666666666666667
5 0.5421875 0.5541666666666667 0.56875 0.5541666666666667 0.5859375 0.54375 0.5890625 0.5270833333333333 0.5796875 0.48333333333333334 0.575 0.48333333333333334 0.5359375 0.49583333333333335 0.5421875 0.5541666666666667
4 0.396875 0.43125 0.409375 0.45416666666666666 0.428125 0.4583333333333333 0.44375 0.44375 0.446875 0.41875 0.44375 0.4083333333333333 0.4265625 0.39166666666666666 0.4125 0.39166666666666666 0.4 0.4041666666666667 0.396875 0.43125
2 0.49375 0.42291666666666666 0.5125 0.4375 0.54375 0.44583333333333336 0.5578125 0.3958333333333333 0.55625 0.3854166666666667 0.434375 0.33125 0.4265625 0.33125 0.415625 0.3875 0.49375 0.42291666666666666
3 0.5109375 0.33541666666666664 0.5390625 0.35625 0.546875 0.35625 0.5921875 0.2520833333333333 0.5578125 0.22083333333333333 0.553125 0.22083333333333333 0.50625 0.325 0.5109375 0.33541666666666664
1 0.5296875 0.6145833333333334 0.5328125 0.6208333333333333 0.56875 0.625 0.5765625 0.6083333333333333 0.5765625 0.5645833333333333 0.5609375 0.5583333333333333 0.5515625 0.5583333333333333 0.5328125 0.5583333333333333 0.5296875 0.6145833333333334
8 0.3375 0.6895833333333333 0.34375 0.7125 0.3875 0.7083333333333334 0.3828125 0.63125 0.371875 0.63125 0.3390625 0.6354166666666666 0.3375 0.6895833333333333