14 0.35769687499999997 0.3011916666666667 0.39018125000000003 0.34101875 0.481284375 0.20411458333333332 0.4461875 0.1642875 0.35769687499999997 0.3011916666666667
11 0.484271875 0.3499791666666667 0.518996875 0.3126416666666667 0.48763281249999996 0.24792291666666666 0.4517875 0.2852604166666667 0.484271875 0.3499791666666667
2 0.33904999999999996 0.3977729166666667 0.3681734375 0.4420791666666667 0.4719734375 0.32907083333333337 0.4461875 0.28625625 0.33904999999999996 0.3977729166666667
10 0.52945 0.36889791666666666 0.5746296875 0.3773604166666667 0.5869515625 0.25489375000000003 0.5436390624999999 0.24991458333333333 0.5436390624999999 0.24842083333333334 0.52945 0.36889791666666666
4 0.5063015625 0.38371041666666666 0.4988390625 0.3889958333333333 0.49324218750000004 0.40112291666666666 0.493475 0.4160479166666667 0.4969734375 0.42537708333333335 0.5030359375 0.4353270833333333 0.519828125 0.4384375 0.52985625 0.4356375 0.5382515625 0.42413333333333336 0.5394171875 0.408275 0.5366187499999999 0.39335 0.52775625 0.38122291666666663 0.5172625 0.37966875000000005 0.5063015625 0.38371041666666666
3 0.4221125 0.48196875 0.46432343749999994 0.49845 0.4881109375 0.38215625000000003 0.4475328125 0.36660833333333337 0.4221125 0.48196875
12 0.309471875 0.4804145833333333 0.39925781250000003 0.5202166666666667 0.414415625 0.4673541666666667 0.3248625 0.42662083333333334 0.309471875 0.4804145833333333
7 0.3922609375 0.6097687500000001 0.43330624999999995 0.62500625 0.4568609375 0.5105770833333333 0.41464999999999996 0.49223124999999995 0.3922609375 0.6097687500000001
6 0.431440625 0.6990125 0.5688015625 0.7005666666666667 0.5702015625 0.6427291666666667 0.4342390625 0.63993125 0.431440625 0.6990125
1 0.475984375 0.5727666666666666 0.5186609375 0.555975 0.5044359375 0.5052916666666667 0.4650234375 0.5205270833333333 0.475984375 0.5727666666666666
9 0.5445484375 0.60230625 0.5764984375 0.6458395833333334 0.6077484375 0.6032395833333334 0.574165625 0.5615729166666666 0.5445484375 0.60230625
5 0.5188953125 0.5326541666666667 0.5573750000000001 0.56716875 0.5811625 0.5180395833333333 0.545946875 0.4857020833333333 0.5188953125 0.5326541666666667
13 0.581628125 0.5099541666666666 0.6096140625 0.46393541666666666 0.5755656250000001 0.42941875 0.5489796874999999 0.47543958333333336 0.581628125 0.5099541666666666
11 0.587459375 0.5108875 0.629203125 0.5525541666666667 0.6557890625 0.5052916666666667 0.614978125 0.46362291666666666 0.587459375 0.5108875
8 0.5706671875 0.42351041666666667 0.623140625 0.45771666666666666 0.64133125 0.40609791666666667 0.589790625 0.37344791666666666 0.5706671875 0.42351041666666667