1 0.6171875 0.6166666666666667 0.6140625 0.5604166666666667 0.6078125 0.5604166666666667 0.571875 0.5645833333333333 0.575 0.6229166666666667 0.609375 0.6229166666666667 0.6171875 0.6166666666666667
3 0.453125 0.39375 0.3765625 0.33541666666666664 0.375 0.33541666666666664 0.353125 0.3875 0.4203125 0.44375 0.4359375 0.44375 0.453125 0.39375
2 0.4796875 0.6395833333333333 0.4859375 0.65625 0.525 0.6520833333333333 0.51875 0.4708333333333333 0.509765625 0.4708333333333333 0.4828125 0.4708333333333333 0.4765625 0.475 0.475 0.48541666666666666 0.4796875 0.6395833333333333
8 0.3546875 0.5583333333333333 0.3859375 0.50625 0.38125 0.49375 0.353125 0.4666666666666667 0.35 0.4666666666666667 0.3171875 0.51875 0.3171875 0.5270833333333333 0.3484375 0.5604166666666667 0.3546875 0.5583333333333333
5 0.5671875 0.5458333333333333 0.5703125 0.5083333333333333 0.56875 0.4895833333333333 0.5625 0.48125 0.5515625 0.48125 0.521875 0.4875 0.521875 0.5333333333333333 0.5265625 0.5479166666666667 0.5671875 0.5458333333333333
6 0.471875 0.375 0.5390625 0.25416666666666665 0.53125 0.2375 0.50625 0.21666666666666667 0.5046875 0.21458333333333332 0.4234375 0.35833333333333334 0.4265625 0.36875 0.4546875 0.39375 0.471875 0.375
7 0.66875 0.39791666666666664 0.66875 0.39166666666666666 0.640625 0.35625 0.6359375 0.35625 0.575 0.4395833333333333 0.5765625 0.45 0.603125 0.48125 0.66875 0.39791666666666664
9 0.4484375 0.28541666666666665 0.4578125 0.2875 0.484375 0.24166666666666667 0.4828125 0.23125 0.453125 0.19791666666666666 0.4515625 0.19791666666666666 0.4265625 0.23125 0.4234375 0.24375 0.43125 0.26458333333333334 0.4484375 0.28541666666666665
10 0.5453125 0.42291666666666666 0.5609375 0.30833333333333335 0.5234375 0.29583333333333334 0.5203125 0.29583333333333334 0.5140625 0.30833333333333335 0.5015625 0.41875 0.540625 0.42916666666666664 0.5453125 0.42291666666666666
11 0.6140625 0.4895833333333333 0.6046875 0.4895833333333333 0.5703125 0.49375 0.571875 0.5604166666666667 0.6140625 0.55625 0.6140625 0.4895833333333333
11 0.571875 0.5854166666666667 0.5578125 0.58125 0.5546875 0.58125 0.525 0.5854166666666667 0.528125 0.6541666666666667 0.5703125 0.65 0.571875 0.5854166666666667
13 0.4953125 0.39375 0.4890625 0.39375 0.453125 0.40208333333333335 0.4578125 0.46041666666666664 0.5015625 0.45416666666666666 0.4953125 0.39375
14 0.6140625 0.6333333333333333 0.6125 0.6791666666666667 0.6265625 0.6875 0.653125 0.6875 0.6578125 0.6854166666666667 0.659375 0.66875 0.665625 0.5041666666666667 0.640625 0.5 0.63203125 0.5 0.6234375 0.5 0.6203125 0.50625 0.6203125 0.6166666666666667 0.6140625 0.6333333333333333
15 0.4046875 0.6729166666666667 0.434375 0.6541666666666667 0.4390625 0.6416666666666667 0.4015625 0.5395833333333333 0.39375 0.5395833333333333 0.3625 0.5583333333333333 0.359375 0.56875 0.3953125 0.66875 0.4046875 0.6729166666666667
4 0.6078125 0.35 0.628125 0.34791666666666665 0.646875 0.32083333333333336 0.646875 0.29375 0.6328125 0.27708333333333335 0.625 0.27708333333333335 0.6125 0.2791666666666667 0.596875 0.3104166666666667 0.596875 0.3333333333333333 0.6078125 0.35