0 0.314025 0 0 0.004166666666666667 0.075 0.020833333333333332 0.1421875 0.04583333333333333 0.221875 0.13333333333333333 0.253125 0.1375 0.2828125 0.15 0.3328125 0.19791666666666666 0.35625 0.175 0.3578125 0.14583333333333334 0.3796875 0.15 0.390625 0.1375 0.390625 0.12916666666666668 0.34375 0.07083333333333333 0.3453125 0.06458333333333334 0.3578125 0.06041666666666667 0.359375 0.05 0.321875 0 0.314025 0
6 0.3671875 0.2125 0.4546875 0.3229166666666667 0.4671875 0.32708333333333334 0.4921875 0.29375 0.49375 0.2833333333333333 0.3953125 0.16041666666666668 0.3921875 0.16041666666666668 0.3671875 0.19583333333333333 0.3671875 0.2125
7 0.5734375 0.46458333333333335 0.5984375 0.49583333333333335 0.665625 0.41875 0.665625 0.41041666666666665 0.6390625 0.3729166666666667 0.6375 0.3729166666666667 0.571875 0.45416666666666666 0.5734375 0.46458333333333335
5 0.43125 0.5291666666666667 0.446875 0.53125 0.4671875 0.47708333333333336 0.43125 0.45 0.4265625 0.45 0.40625 0.5020833333333333 0.43125 0.5291666666666667
4 0.5578125 0.5395833333333333 0.5671875 0.5604166666666667 0.5796875 0.5666666666666667 0.596875 0.5604166666666667 0.60625 0.5416666666666666 0.603125 0.5145833333333333 0.5859375 0.5020833333333333 0.578125 0.5020833333333333 0.559375 0.5166666666666667 0.5578125 0.5395833333333333
14 0.515625 0.61875 0.6328125 0.6375 0.6484375 0.6333333333333333 0.653125 0.5791666666666667 0.6125 0.5770833333333333 0.5578125 0.5625 0.5493750000000001 0.5625 0.515625 0.5625 0.515625 0.61875
15 0.41875 0.59375 0.5078125 0.59375 0.50625 0.5375 0.4375 0.5333333333333333 0.428125 0.5333333333333333 0.4171875 0.5354166666666667 0.41875 0.59375
13 0.5125 0.5541666666666667 0.55625 0.5541666666666667 0.5578125 0.4979166666666667 0.5453125 0.49375 0.537109375 0.49375 0.5125 0.49375 0.5125 0.5541666666666667
2 0.340625 0.5375 0.3671875 0.5395833333333333 0.375 0.51875 0.3890625 0.35833333333333334 0.35625 0.35 0.3453125 0.35 0.3265625 0.5291666666666667 0.340625 0.5375
8 0.3359375 0.2916666666666667 0.3765625 0.3375 0.3875 0.32708333333333334 0.4078125 0.28958333333333336 0.365625 0.24166666666666667 0.3640625 0.24166666666666667 0.3375 0.28125 0.3359375 0.2916666666666667
10 0.54375 0.41458333333333336 0.571875 0.45208333333333334 0.6375 0.36875 0.6078125 0.32708333333333334 0.60625 0.325 0.54375 0.40625 0.54375 0.41458333333333336
3 0.53125 0.22083333333333333 0.584375 0.3104166666666667 0.6140625 0.2833333333333333 0.6203125 0.26875 0.5671875 0.175 0.5640625 0.175 0.53125 0.21041666666666667 0.53125 0.22083333333333333
9 0.51875 0.4270833333333333 0.5296875 0.36666666666666664 0.496875 0.3541666666666667 0.4890625 0.3541666666666667 0.4796875 0.41458333333333336 0.51875 0.4270833333333333
11 0.4734375 0.4270833333333333 0.4796875 0.4125 0.4890625 0.3416666666666667 0.4546875 0.32708333333333334 0.446875 0.32708333333333334 0.43125 0.41041666666666665 0.4734375 0.4270833333333333
11 0.346875 0.6270833333333333 0.40625 0.6020833333333333 0.3953125 0.5479166666666667 0.3859375 0.5479166666666667 0.334375 0.5666666666666667 0.346875 0.6270833333333333
1 0.60625 0.5625 0.6140625 0.5708333333333333 0.6484375 0.5666666666666667 0.653125 0.5604166666666667 0.6546875 0.5125 0.65 0.50625 0.628125 0.5041666666666667 0.6140625 0.5041666666666667 0.60625 0.5083333333333333 0.60625 0.5625