6 0.3787609375 0.2963125 0.5144015625 0.2575145833333333 0.505484375 0.20338333333333333 0.370546875 0.23999166666666666 0.3787609375 0.2963125
11 0.40246250000000006 0.29912916666666667 0.37970000000000004 0.34606250000000005 0.40621718749999997 0.36483750000000004 0.436959375 0.3867395833333333 0.4620703125 0.34199583333333333 0.429215625 0.31227083333333333 0.404340625 0.29944166666666666 0.40246250000000006 0.29912916666666667
5 0.49328125 0.35263333333333335 0.5366953125 0.33761458333333333 0.5233187499999999 0.2837979166666667 0.4820171875 0.29975416666666665 0.49328125 0.35263333333333335
1 0.5359921875 0.3169645833333333 0.576825 0.32885416666666667 0.5852734374999999 0.26689999999999997 0.5423281249999999 0.256575 0.5359921875 0.3169645833333333
8 0.604046875 0.41208541666666665 0.6430015625000001 0.3839229166666666 0.6171875 0.31758958333333337 0.5789359375 0.34575 0.604046875 0.41208541666666665
10 0.49633125 0.43899375 0.5779984375 0.38611458333333337 0.55969375 0.33980625 0.4792015625 0.38924375 0.49633125 0.43899375
13 0.42522656249999996 0.45276041666666667 0.46488593749999996 0.4596458333333333 0.47474218749999997 0.39581458333333336 0.429215625 0.39299791666666667 0.42522656249999996 0.45276041666666667
2 0.2886515625 0.48905625 0.3266640625 0.5231625 0.40011562500000003 0.3685916666666667 0.3665578125 0.33698958333333334 0.2886515625 0.48905625
12 0.393315625 0.4242875 0.3653890625 0.46871875 0.4350875 0.54788125 0.46254375000000003 0.5072041666666667 0.3921421875 0.42616458333333335 0.393315625 0.4242875
3 0.5029078124999999 0.5250395833333333 0.57565625 0.4552645833333333 0.551015625 0.4133354166666667 0.4782671875 0.47685416666666663 0.5029078124999999 0.5250395833333333
14 0.334646875 0.5488208333333334 0.47169531249999996 0.5979458333333334 0.47709375 0.5713479166666667 0.3400453125 0.5231625 0.334646875 0.5488208333333334
11 0.31634375000000003 0.6411250000000001 0.3677359375 0.6486333333333333 0.3768890625 0.5685333333333333 0.33370937500000003 0.5647770833333333 0.31634375000000003 0.6411250000000001
9 0.511825 0.621725 0.5554734375 0.6042020833333334 0.5430359375 0.5463166666666667 0.5012640625 0.5632145833333334 0.511825 0.621725
7 0.37501093750000003 0.70464375 0.4660640625 0.6899375 0.4637171875 0.6308 0.37172499999999997 0.6426895833333333 0.37501093750000003 0.70464375
4 0.568125 0.471875 0.56015625 0.4860416666666667 0.55859375 0.4995833333333334 0.56046875 0.510625 0.5667187499999999 0.5195833333333334 0.57703125 0.5272916666666666 0.590625 0.525625 0.5996875 0.5179166666666667 0.60390625 0.5079166666666667 0.6071875 0.49041666666666667 0.6 0.475 0.58984375 0.463125 0.5805121171875001 0.46292431875 0.58015625 0.46229166666666666 0.57640625 0.46479166666666666 0.568125 0.471875