14 0.60981875 0.34101875 0.642303125 0.3011916666666667 0.5538125 0.1642875 0.518715625 0.20411458333333332 0.60981875 0.34101875
11 0.481003125 0.3126416666666667 0.515728125 0.3499791666666667 0.5482125 0.2852604166666667 0.5123671875 0.24792291666666666 0.481003125 0.3126416666666667
2 0.6318265625 0.4420791666666667 0.6609499999999999 0.3977729166666667 0.5538125 0.28625625 0.5280265625 0.32907083333333337 0.6318265625 0.4420791666666667
10 0.4130484375 0.25489375000000003 0.4253703125 0.3773604166666667 0.47054999999999997 0.36889791666666666 0.45636093750000006 0.24842083333333334 0.45636093750000006 0.24991458333333333 0.4130484375 0.25489375000000003
4 0.46338125 0.39335 0.46058281250000005 0.408275 0.4617484375 0.42413333333333336 0.47014374999999997 0.4356375 0.480171875 0.4384375 0.4969640625 0.4353270833333333 0.5030265625 0.42537708333333335 0.506525 0.4160479166666667 0.5067578125 0.40112291666666666 0.5011609375 0.3889958333333333 0.4936984375 0.38371041666666666 0.4827375 0.37966875000000005 0.47224374999999996 0.38122291666666663 0.46338125 0.39335
3 0.5356765625000001 0.49845 0.5778875 0.48196875 0.5524671875 0.36660833333333337 0.5118890625 0.38215625000000003 0.5356765625000001 0.49845
12 0.6007421875000001 0.5202166666666667 0.6905281249999999 0.4804145833333333 0.6751375000000001 0.42662083333333334 0.585584375 0.4673541666666667 0.6007421875000001 0.5202166666666667
7 0.56669375 0.62500625 0.6077390625 0.6097687500000001 0.58535 0.49223124999999995 0.5431390625 0.5105770833333333 0.56669375 0.62500625
6 0.4311984375 0.7005666666666667 0.568559375 0.6990125 0.5657609375 0.63993125 0.4297984375 0.6427291666666667 0.4311984375 0.7005666666666667
1 0.4813390625 0.555975 0.524015625 0.5727666666666666 0.5349765625 0.5205270833333333 0.4955640625 0.5052916666666667 0.4813390625 0.555975
9 0.4235015625 0.6458395833333334 0.45545156249999996 0.60230625 0.425834375 0.5615729166666666 0.3922515625 0.6032395833333334 0.4235015625 0.6458395833333334
5 0.44262499999999994 0.56716875 0.48110468749999996 0.5326541666666667 0.454053125 0.4857020833333333 0.4188375 0.5180395833333333 0.44262499999999994 0.56716875
13 0.3903859375 0.46393541666666666 0.41837187499999995 0.5099541666666666 0.4510203125 0.47543958333333336 0.424434375 0.42941875 0.3903859375 0.46393541666666666
11 0.370796875 0.5525541666666667 0.412540625 0.5108875 0.38502187499999996 0.46362291666666666 0.3442109375 0.5052916666666667 0.370796875 0.5525541666666667
8 0.376859375 0.45771666666666666 0.42933281250000005 0.42351041666666667 0.410209375 0.37344791666666666 0.35866875 0.40609791666666667 0.376859375 0.45771666666666666