11 0.36875 0.4895833333333333 0.3625 0.53125 0.3625 0.54375 0.365625 0.5583333333333333 0.409375 0.55625 0.4109375 0.4875 0.36875 0.4895833333333333
11 0.4296875 0.31875 0.396875 0.36875 0.396875 0.3729166666666667 0.4359375 0.4083333333333333 0.4640625 0.3645833333333333 0.4671875 0.35 0.4296875 0.31875
1 0.5671875 0.41875 0.534375 0.45416666666666666 0.534375 0.4583333333333333 0.559375 0.4979166666666667 0.571875 0.49166666666666664 0.5953125 0.4625 0.5671875 0.41875
3 0.509375 0.49375 0.503125 0.475 0.4125 0.48125 0.4125 0.4947916666666667 0.415625 0.53125 0.4203125 0.5354166666666667 0.5078125 0.5291666666666667 0.509375 0.49375
2 0.5390625 0.6520833333333333 0.45 0.5416666666666666 0.440625 0.54375 0.4171875 0.5791666666666667 0.415625 0.58125 0.5109375 0.7020833333333333 0.515625 0.7041666666666667 0.5421875 0.66875 0.5390625 0.6520833333333333
8 0.3640625 0.37083333333333335 0.3078125 0.35833333333333334 0.3015625 0.4041666666666667 0.3015625 0.41875 0.359375 0.4270833333333333 0.353125 0.4041666666666667 0.3640625 0.38333333333333336 0.3640625 0.37083333333333335
5 0.4921875 0.41458333333333336 0.48125 0.38958333333333334 0.471875 0.38958333333333334 0.4390625 0.41041666666666665 0.4390625 0.41875 0.4515625 0.46041666666666664 0.459375 0.4666666666666667 0.496875 0.44583333333333336 0.4921875 0.41458333333333336
7 0.653125 0.5020833333333333 0.571875 0.4979166666666667 0.5640625 0.5041666666666667 0.5640625 0.5145833333333333 0.5640625 0.55625 0.6578125 0.55625 0.659375 0.5145833333333333 0.653125 0.5020833333333333
6 0.6234375 0.41041666666666665 0.553125 0.30625 0.5203125 0.3416666666666667 0.5203125 0.34791666666666665 0.6078125 0.4791666666666667 0.615625 0.47708333333333336 0.640625 0.44583333333333336 0.6234375 0.41041666666666665
4 0.4453125 0.4479166666666667 0.44375 0.43333333333333335 0.4328125 0.4125 0.40625 0.41458333333333336 0.3953125 0.4354166666666667 0.3953125 0.4479166666666667 0.4 0.4625 0.4125 0.475 0.4328125 0.47291666666666665 0.4453125 0.4479166666666667
13 0.4125 0.40625 0.4140625 0.39375 0.39375 0.37083333333333335 0.378125 0.3625 0.3546875 0.40208333333333335 0.3546875 0.41041666666666665 0.384375 0.4395833333333333 0.39375 0.44166666666666665 0.3984375 0.425 0.4125 0.40625
12 0.603125 0.5895833333333333 0.5875 0.5875 0.5578125 0.5979166666666667 0.5578125 0.60625 0.578125 0.7208333333333333 0.61875 0.7104166666666667 0.6203125 0.6895833333333333 0.603125 0.5895833333333333
14 0.4671875 0.6645833333333333 0.3796875 0.5708333333333333 0.3734375 0.5708333333333333 0.3484375 0.6125 0.3484375 0.61875 0.45 0.7291666666666666 0.45625 0.7291666666666666 0.48125 0.6875 0.4671875 0.6645833333333333
9 0.5328125 0.38333333333333336 0.5109375 0.3875 0.490625 0.4 0.490625 0.4041666666666667 0.5046875 0.45208333333333334 0.5359375 0.44375 0.546875 0.43125 0.5328125 0.38333333333333336
10 0.2734375 0.48125 0.26875 0.51875 0.26875 0.5375 0.3578125 0.5520833333333334 0.3625 0.5416666666666666 0.365625 0.49375 0.2734375 0.48125