14 0.5546875 0.6375 0.559375 0.6458333333333334 0.6 0.6375 0.5890625 0.4583333333333333 0.5807296875 0.4583333333333333 0.546875 0.4625 0.5546875 0.6375
15 0.534375 0.24583333333333332 0.5453125 0.2833333333333333 0.590625 0.25833333333333336 0.628125 0.24791666666666667 0.634375 0.225 0.621875 0.17916666666666667 0.615625 0.17916666666666667 0.5328125 0.21875 0.534375 0.24583333333333332
4 0.4125 0.25 0.421875 0.2791666666666667 0.44375 0.2916666666666667 0.4625 0.2708333333333333 0.4625 0.24166666666666667 0.4546875 0.22083333333333333 0.4421875 0.2125 0.43125 0.2125 0.415625 0.22708333333333333 0.4125 0.25
13 0.3859375 0.5208333333333334 0.4140625 0.5416666666666666 0.4265625 0.54375 0.44375 0.5041666666666667 0.44375 0.49375 0.4125 0.46875 0.4046875 0.46875 0.3859375 0.5104166666666666 0.3859375 0.5208333333333334
6 0.3640625 0.40208333333333335 0.4546875 0.5041666666666667 0.4671875 0.5104166666666666 0.490625 0.47708333333333336 0.490625 0.4666666666666667 0.390625 0.3541666666666667 0.3890625 0.35208333333333336 0.3625 0.39166666666666666 0.3640625 0.40208333333333335
7 0.3921875 0.35 0.4578125 0.42291666666666666 0.4859375 0.3770833333333333 0.4203125 0.3 0.4171875 0.3 0.3921875 0.33541666666666664 0.3921875 0.35
5 0.503125 0.5916666666666667 0.509375 0.6020833333333333 0.5515625 0.5979166666666667 0.55 0.5416666666666666 0.5453125 0.5354166666666667 0.5359375 0.5354166666666667 0.5046875 0.5395833333333333 0.503125 0.5916666666666667
10 0.621875 0.425 0.6390625 0.36875 0.5609375 0.32916666666666666 0.553125 0.32916666666666666 0.540625 0.38958333333333334 0.621875 0.425
9 0.45625 0.5854166666666667 0.4984375 0.58125 0.5 0.5583333333333333 0.49375 0.5208333333333334 0.4796875 0.5208333333333334 0.45 0.5270833333333333 0.45625 0.5854166666666667
11 0.4015625 0.6041666666666666 0.4234375 0.6125 0.440625 0.55625 0.3984375 0.5333333333333333 0.3953125 0.5333333333333333 0.38125 0.5875 0.4015625 0.6041666666666666
11 0.465625 0.3458333333333333 0.4734375 0.35208333333333336 0.5046875 0.32708333333333334 0.5109375 0.3125 0.478125 0.26458333333333334 0.475 0.26458333333333334 0.44375 0.3 0.465625 0.3458333333333333
1 0.4625 0.6333333333333333 0.4890625 0.6645833333333333 0.496875 0.6645833333333333 0.5203125 0.61875 0.490625 0.5854166666666667 0.4875 0.5854166666666667 0.465625 0.6166666666666667 0.4625 0.6333333333333333
8 0.5609375 0.7833333333333333 0.5734375 0.7833333333333333 0.590625 0.7270833333333333 0.5421875 0.6979166666666666 0.5390625 0.6979166666666666 0.521875 0.7520833333333333 0.5609375 0.7833333333333333
3 0.484375 0.45 0.4921875 0.4583333333333333 0.5265625 0.4625 0.5421875 0.3416666666666667 0.5125 0.3333333333333333 0.5015625 0.3333333333333333 0.496875 0.3416666666666667 0.484375 0.45
2 0.609375 0.6145833333333334 0.640625 0.6145833333333334 0.6546875 0.60625 0.6421875 0.42916666666666664 0.63125 0.42916666666666664 0.5984375 0.4354166666666667 0.609375 0.6145833333333334