9 0.6046875 0.18541666666666667 0.58125 0.21666666666666667 0.5765625 0.23125 0.584375 0.2520833333333333 0.5921875 0.2625 0.596875 0.2604166666666667 0.603125 0.27291666666666664 0.621875 0.2604166666666667 0.6375 0.22916666666666666 0.6375 0.21875 0.6109375 0.18541666666666667 0.6046875 0.18541666666666667
10 0.5828125 0.37083333333333335 0.5484375 0.39375 0.546875 0.40208333333333335 0.5796875 0.4895833333333333 0.5875 0.5020833333333333 0.5953125 0.5020833333333333 0.6265625 0.47708333333333336 0.5859375 0.37083333333333335 0.5828125 0.37083333333333335
5 0.546875 0.4708333333333333 0.5265625 0.5229166666666667 0.546875 0.54375 0.565625 0.5520833333333334 0.58125 0.5270833333333333 0.5859375 0.50625 0.578125 0.4895833333333333 0.5515625 0.4708333333333333 0.546875 0.4708333333333333
6 0.56875 0.2375 0.5359375 0.27708333333333335 0.546875 0.29583333333333334 0.565625 0.3104166666666667 0.575 0.34791666666666665 0.6109375 0.40625 0.61875 0.4166666666666667 0.628125 0.41458333333333336 0.646875 0.3958333333333333 0.653125 0.37916666666666665 0.5703125 0.2375 0.56875 0.2375
7 0.5015625 0.32083333333333336 0.4703125 0.34791666666666665 0.46875 0.35625 0.5140625 0.45 0.525 0.45208333333333334 0.5484375 0.43125 0.5515625 0.42083333333333334 0.50625 0.32083333333333336 0.5015625 0.32083333333333336
8 0.425 0.6541666666666667 0.4234375 0.7145833333333333 0.484375 0.7166666666666667 0.484375 0.65625 0.43307343749999994 0.6541666666666667 0.425 0.6541666666666667
3 0.5890625 0.575 0.5671875 0.625 0.646875 0.6854166666666667 0.6671875 0.6354166666666666 0.590625 0.575 0.5890625 0.575
2 0.3421875 0.5520833333333334 0.334375 0.5958333333333333 0.3359375 0.6125 0.371875 0.625 0.46875 0.6416666666666667 0.475 0.5854166666666667 0.346875 0.5520833333333334 0.3421875 0.5520833333333334
1 0.503125 0.4354166666666667 0.4671875 0.4479166666666667 0.471875 0.4979166666666667 0.4796875 0.5083333333333333 0.5140625 0.5 0.5171875 0.49375 0.5109375 0.44166666666666665 0.50625 0.4354166666666667 0.503125 0.4354166666666667
11 0.4015625 0.27708333333333335 0.3953125 0.3541666666666667 0.4359375 0.36666666666666664 0.4484375 0.30625 0.446875 0.29375 0.4046875 0.27708333333333335 0.4015625 0.27708333333333335
11 0.4171875 0.41875 0.384375 0.45416666666666666 0.4125 0.5104166666666666 0.41875 0.5104166666666666 0.4515625 0.47708333333333336 0.41875 0.41875 0.4171875 0.41875
14 0.3359375 0.33125 0.3328125 0.3645833333333333 0.3375 0.5125 0.34375 0.51875 0.378125 0.51875 0.384375 0.5083333333333333 0.3796875 0.3416666666666667 0.3765625 0.33125 0.3440625 0.33125 0.3359375 0.33125
4 0.54375 0.3 0.5265625 0.3104166666666667 0.5203125 0.3458333333333333 0.53125 0.3645833333333333 0.553125 0.36875 0.5625 0.36041666666666666 0.5703125 0.32708333333333334 0.559375 0.30416666666666664 0.5453125 0.29791666666666666 0.54375 0.3
13 0.5921875 0.5041666666666667 0.575 0.5583333333333333 0.61875 0.58125 0.634375 0.5270833333333333 0.59375 0.5041666666666667 0.5921875 0.5041666666666667