1 0.4953125 0.63125 0.525 0.6583333333333333 0.534375 0.6583333333333333 0.55625 0.6083333333333333 0.5234375 0.5791666666666667 0.4953125 0.6270833333333333 0.4953125 0.63125
2 0.428125 0.3229166666666667 0.4390625 0.3729166666666667 0.5328125 0.3458333333333333 0.571875 0.32708333333333334 0.565625 0.2833333333333333 0.559375 0.2708333333333333 0.428125 0.3145833333333333 0.428125 0.3229166666666667
3 0.3375 0.58125 0.3796875 0.6875 0.4203125 0.6583333333333333 0.390625 0.5854166666666667 0.3890625 0.56875 0.375 0.5520833333333334 0.3375 0.5791666666666667 0.3375 0.58125
4 0.4953125 0.7041666666666667 0.5 0.71875 0.5109375 0.7291666666666666 0.528125 0.7291666666666666 0.540625 0.7166666666666667 0.5453125 0.6916666666666667 0.5359375 0.6645833333333333 0.521875 0.6583333333333333 0.50625 0.6625 0.4953125 0.6895833333333333 0.4953125 0.7041666666666667
5 0.2640625 0.5541666666666667 0.296875 0.575 0.3125 0.5729166666666666 0.3203125 0.5625 0.33125 0.5208333333333334 0.3015625 0.5 0.28125 0.4979166666666667 0.2640625 0.54375 0.2640625 0.5541666666666667
6 0.5875 0.4666666666666667 0.6921875 0.5791666666666667 0.7015625 0.5729166666666666 0.7203125 0.5416666666666666 0.7140625 0.525 0.615625 0.42083333333333334 0.5875 0.46458333333333335 0.5875 0.4666666666666667
6 0.459375 0.50625 0.48125 0.5395833333333333 0.4875 0.5395833333333333 0.5453125 0.47708333333333336 0.553125 0.46041666666666664 0.5296875 0.42291666666666666 0.525 0.42291666666666666 0.459375 0.49583333333333335 0.459375 0.50625
11 0.4546875 0.5791666666666667 0.4671875 0.60625 0.465625 0.6208333333333333 0.509375 0.5958333333333333 0.509375 0.5854166666666667 0.490625 0.54375 0.4484375 0.5708333333333333 0.4546875 0.5791666666666667
11 0.4828125 0.3770833333333333 0.503125 0.4270833333333333 0.553125 0.39791666666666664 0.5359375 0.34791666666666665 0.525 0.34791666666666665 0.4828125 0.37083333333333335 0.4828125 0.3770833333333333
9 0.365625 0.30625 0.378125 0.34375 0.3890625 0.3541666666666667 0.425 0.33125 0.4125 0.2833333333333333 0.403125 0.27291666666666664 0.365625 0.29375 0.365625 0.30625
10 0.5046875 0.5395833333333333 0.528125 0.5729166666666666 0.5390625 0.5770833333333333 0.5890625 0.5083333333333333 0.596875 0.49583333333333335 0.596875 0.48541666666666666 0.565625 0.45416666666666666 0.5046875 0.5375 0.5046875 0.5395833333333333
12 0.40625 0.49166666666666664 0.4453125 0.51875 0.4859375 0.425 0.4859375 0.4083333333333333 0.4484375 0.3854166666666667 0.425 0.45 0.40625 0.48333333333333334 0.40625 0.49166666666666664
14 0.321875 0.4041666666666667 0.3828125 0.5625 0.4234375 0.5375 0.4234375 0.525 0.4125 0.5 0.4046875 0.49375 0.4046875 0.4791666666666667 0.3671875 0.3770833333333333 0.3578125 0.375 0.321875 0.4 0.321875 0.4041666666666667
13 0.4 0.6041666666666666 0.421875 0.6520833333333333 0.4625 0.6208333333333333 0.446875 0.5854166666666667 0.4453125 0.5708333333333333 0.4375 0.5708333333333333 0.4 0.5979166666666667 0.4 0.6041666666666666
8 0.5484375 0.5729166666666666 0.5796875 0.6083333333333333 0.6171875 0.5541666666666667 0.5859375 0.5166666666666667 0.5484375 0.56875 0.5484375 0.5729166666666666