5 0.35625 0.32708333333333334 0.390625 0.3375 0.396875 0.32916666666666666 0.40625 0.2833333333333333 0.3984375 0.26666666666666666 0.36875 0.25416666666666665 0.359375 0.25416666666666665 0.346875 0.3104166666666667 0.35625 0.32708333333333334
8 0.484375 0.4375 0.5453125 0.4354166666666667 0.546875 0.3770833333333333 0.540625 0.375 0.5328125 0.375 0.484375 0.3770833333333333 0.484375 0.4375
2 0.4796875 0.31666666666666665 0.5359375 0.33125 0.6 0.35833333333333334 0.609375 0.3541666666666667 0.6203125 0.29791666666666666 0.496875 0.25416666666666665 0.4890625 0.25416666666666665 0.478125 0.3 0.4796875 0.31666666666666665
1 0.64375 0.5083333333333333 0.653125 0.5166666666666667 0.653125 0.5416666666666666 0.665625 0.55 0.7015625 0.5291666666666667 0.696875 0.49375 0.6890625 0.47708333333333336 0.678125 0.47708333333333336 0.6421875 0.49583333333333335 0.64375 0.5083333333333333
3 0.4875 0.6354166666666666 0.5125 0.6583333333333333 0.56875 0.5666666666666667 0.565625 0.55625 0.5375 0.5270833333333333 0.534375 0.5270833333333333 0.4796875 0.6166666666666667 0.4875 0.6354166666666666
11 0.43125 0.6458333333333334 0.45 0.6479166666666667 0.4578125 0.5875 0.4203125 0.575 0.4109375 0.575 0.403125 0.63125 0.43125 0.6458333333333334
11 0.378125 0.42916666666666664 0.425 0.4354166666666667 0.43125 0.37916666666666665 0.3765625 0.35833333333333334 0.3703125 0.35833333333333334 0.3625 0.41875 0.378125 0.42916666666666664
4 0.3078125 0.5166666666666667 0.31875 0.5375 0.34375 0.5416666666666666 0.3609375 0.525 0.3625 0.5 0.35625 0.4875 0.3359375 0.475 0.328125 0.475 0.3109375 0.4895833333333333 0.3078125 0.5166666666666667
13 0.484375 0.7354166666666667 0.525 0.7520833333333333 0.53125 0.7395833333333334 0.5390625 0.6916666666666667 0.5 0.6729166666666667 0.496875 0.6729166666666667 0.4859375 0.7104166666666667 0.484375 0.7354166666666667
7 0.7125 0.4895833333333333 0.728125 0.43333333333333335 0.6484375 0.39375 0.6421875 0.39375 0.6265625 0.45208333333333334 0.7125 0.4895833333333333
9 0.5984375 0.5604166666666667 0.621875 0.5708333333333333 0.6421875 0.5708333333333333 0.65 0.5458333333333333 0.6515625 0.5166666666666667 0.615625 0.5020833333333333 0.6109375 0.5020833333333333 0.6015625 0.5145833333333333 0.5984375 0.5604166666666667
10 0.4390625 0.24166666666666667 0.528125 0.23333333333333334 0.5296875 0.18333333333333332 0.525 0.17083333333333334 0.5125 0.17083333333333334 0.4359375 0.17916666666666667 0.4390625 0.24166666666666667