11 0.4578125 0.37916666666666665 0.509375 0.38125 0.5078125 0.325 0.4765625 0.31666666666666665 0.4671875 0.31666666666666665 0.45625 0.32083333333333336 0.4578125 0.37916666666666665
11 0.6015625 0.45208333333333334 0.6125 0.45625 0.6359375 0.40625 0.5984375 0.3625 0.5953125 0.3625 0.56875 0.41458333333333336 0.6015625 0.45208333333333334
1 0.50625 0.5958333333333333 0.528125 0.6270833333333333 0.5609375 0.5895833333333333 0.534375 0.5458333333333333 0.53125 0.5458333333333333 0.5015625 0.5791666666666667 0.50625 0.5958333333333333
3 0.4734375 0.39375 0.478125 0.5104166666666666 0.5046875 0.5125 0.51875 0.5041666666666667 0.5140625 0.38333333333333336 0.50390625 0.38333333333333336 0.4765625 0.3875 0.4734375 0.39375
2 0.346875 0.5208333333333334 0.3734375 0.55625 0.3859375 0.5520833333333334 0.46875 0.43333333333333335 0.4671875 0.42083333333333334 0.440625 0.38958333333333334 0.4390625 0.3875 0.3484375 0.5145833333333333 0.346875 0.5208333333333334
8 0.571875 0.30416666666666664 0.5875 0.31875 0.596875 0.31875 0.60625 0.24375 0.571875 0.23541666666666666 0.5609375 0.23541666666666666 0.5546875 0.3125 0.571875 0.30416666666666664
5 0.525 0.44583333333333336 0.540625 0.49583333333333335 0.5640625 0.4895833333333333 0.5828125 0.475 0.5828125 0.4625 0.5671875 0.41875 0.5609375 0.41875 0.5296875 0.4354166666666667 0.525 0.44583333333333336
7 0.4578125 0.7104166666666667 0.4890625 0.7125 0.4984375 0.7041666666666667 0.5015625 0.5958333333333333 0.496875 0.5854166666666667 0.4890625 0.5854166666666667 0.4578125 0.5854166666666667 0.4578125 0.7104166666666667
6 0.5171875 0.6541666666666667 0.540625 0.6875 0.5671875 0.6645833333333333 0.6453125 0.5708333333333333 0.61875 0.5270833333333333 0.6140625 0.5270833333333333 0.515625 0.64375 0.5171875 0.6541666666666667
4 0.51875 0.38333333333333336 0.5203125 0.41041666666666665 0.5390625 0.4270833333333333 0.55 0.425 0.565625 0.41041666666666665 0.5640625 0.375 0.5484375 0.36041666666666666 0.5390625 0.36041666666666666 0.528125 0.36666666666666664 0.51875 0.38333333333333336
13 0.54375 0.35833333333333334 0.55625 0.3645833333333333 0.5703125 0.38333333333333336 0.5796875 0.3854166666666667 0.596875 0.35833333333333334 0.603125 0.3375 0.5734375 0.30625 0.5671875 0.30625 0.5453125 0.3458333333333333 0.54375 0.35833333333333334
12 0.3421875 0.6583333333333333 0.3578125 0.6604166666666667 0.4328125 0.6375 0.434375 0.6166666666666667 0.4265625 0.5770833333333333 0.4203125 0.5770833333333333 0.334375 0.6041666666666666 0.3421875 0.6583333333333333
14 0.328125 0.44166666666666665 0.359375 0.475 0.3765625 0.45625 0.446875 0.33958333333333335 0.446875 0.33125 0.415625 0.29791666666666666 0.4109375 0.29791666666666666 0.328125 0.43333333333333335 0.328125 0.44166666666666665
9 0.5421875 0.5479166666666667 0.5515625 0.5625 0.5875 0.54375 0.584375 0.5145833333333333 0.575 0.4875 0.571875 0.4875 0.5359375 0.50625 0.5421875 0.5479166666666667
10 0.46875 0.31666666666666665 0.5046875 0.32083333333333336 0.5140625 0.19791666666666666 0.4859375 0.19166666666666668 0.471875 0.19166666666666668 0.4609375 0.3104166666666667 0.46875 0.31666666666666665