11 0.6416671875 0.22916666666666666 0.6333328125000001 0.24444375 0.6791671874999999 0.28611041666666664 0.709375 0.24027708333333334 0.671875 0.17638958333333335 0.6416671875 0.22916666666666666
6 0.46041718749999994 0.30694375 0.50625 0.31666666666666665 0.53125 0.12777708333333332 0.48541718749999996 0.11805625 0.46041718749999994 0.30694375
14 0.5479171875 0.17083333333333334 0.5010421875 0.34861041666666664 0.5458328125 0.36666666666666664 0.5875 0.18611041666666667 0.55625 0.17222291666666667 0.5479171875 0.17083333333333334
9 0.5947921875 0.40277708333333334 0.6354171875 0.37083333333333335 0.6125 0.31666666666666665 0.5739578125 0.35277708333333335 0.5947921875 0.40277708333333334
11 0.3708328125 0.32916666666666666 0.41458281250000006 0.34444375 0.41979218749999997 0.26527708333333333 0.375 0.25555625 0.3708328125 0.32916666666666666
13 0.41458281250000006 0.41527708333333335 0.4635421875 0.41111041666666664 0.46041718749999994 0.34861041666666664 0.4166671875 0.3541666666666667 0.41458281250000006 0.41527708333333335
5 0.3739578125 0.45416666666666666 0.42083281250000004 0.44583333333333336 0.415625 0.38055625 0.3677078125 0.39166666666666666 0.3739578125 0.45416666666666666
2 0.3302078125 0.44166666666666665 0.3520828125 0.625 0.3927078125 0.6152770833333334 0.3729171875 0.43333333333333335 0.3291671875 0.4402770833333333 0.3302078125 0.44166666666666665
8 0.4739578125 0.39305625 0.45416718749999996 0.43888958333333333 0.5052078125 0.48055625 0.5270828125 0.43055625000000003 0.4739578125 0.39305625
1 0.5302078125 0.5027770833333334 0.5760421874999999 0.5138895833333333 0.5833328125 0.45138958333333334 0.5395828125000001 0.44305625 0.5302078125 0.5027770833333334
7 0.5822921875 0.5361104166666667 0.6239578125 0.5402770833333334 0.6322921874999999 0.4166666666666667 0.5885421875 0.40972291666666666 0.5822921875 0.5361104166666667
12 0.50625 0.51944375 0.51875 0.51944375 0.528125 0.5361104166666667 0.5375 0.5597229166666666 0.53125 0.5847229166666666 0.515625 0.6027770833333334 0.49895781250000004 0.6041666666666666 0.49375 0.6277770833333334 0.5458328125 0.6361104166666667 0.5552078125000001 0.50694375 0.5104171875 0.49861041666666667 0.50625 0.51944375
4 0.45 0.5138895833333333 0.45 0.5375 0.45625 0.55555625 0.475 0.5625 0.4947921875 0.5458333333333333 0.496875 0.5222229166666666 0.48645781250000003 0.5 0.4625 0.49861041666666667 0.45 0.5138895833333333
3 0.5583328125 0.61805625 0.5458328125 0.6152770833333334 0.6291671875 0.6708333333333333 0.6510421875 0.6208333333333333 0.5697921874999999 0.5652770833333334 0.5541671874999999 0.6152770833333334 0.5583328125 0.61805625
10 0.3885421875 0.7291666666666666 0.46875 0.6597229166666666 0.44375 0.6083333333333333 0.3666671875 0.6722229166666666 0.3885421875 0.7291666666666666