1 0.6015625 0.2708333333333333 0.5734375 0.2875 0.5703125 0.29583333333333334 0.5734375 0.31875 0.5859375 0.35 0.6203125 0.3333333333333333 0.628125 0.32083333333333336 0.6125 0.2708333333333333 0.6015625 0.2708333333333333
3 0.4484375 0.48333333333333334 0.409375 0.5791666666666667 0.4421875 0.6083333333333333 0.4515625 0.6041666666666666 0.490625 0.5083333333333333 0.4859375 0.4979166666666667 0.453125 0.47708333333333336 0.4484375 0.48333333333333334
2 0.584375 0.56875 0.5265625 0.725 0.5296875 0.7354166666666667 0.559375 0.75625 0.56875 0.7541666666666667 0.625 0.5979166666666667 0.61875 0.5875 0.5890625 0.56875 0.584375 0.56875
4 0.584375 0.3875 0.56875 0.41041666666666665 0.56875 0.43333333333333335 0.578125 0.45 0.596875 0.45416666666666666 0.615625 0.4375 0.61875 0.4125 0.6078125 0.38958333333333334 0.59453125 0.3875 0.584375 0.3875
15 0.65625 0.3958333333333333 0.603125 0.45625 0.5875 0.4666666666666667 0.5875 0.4791666666666667 0.609375 0.5145833333333333 0.61875 0.5145833333333333 0.6859375 0.44375 0.6859375 0.4354166666666667 0.6625 0.3958333333333333 0.65625 0.3958333333333333
14 0.671875 0.14791666666666667 0.540625 0.15625 0.540625 0.21458333333333332 0.675 0.21041666666666667 0.678125 0.15833333333333333 0.6734375 0.14583333333333334 0.671875 0.14791666666666667
13 0.5109375 0.28541666666666665 0.5078125 0.34791666666666665 0.55 0.35625 0.55625 0.28958333333333336 0.51875 0.28541666666666665 0.5109375 0.28541666666666665
9 0.5453125 0.4041666666666667 0.515625 0.41041666666666665 0.51875 0.46875 0.5640625 0.4625 0.5609375 0.4041666666666667 0.553125 0.4041666666666667 0.5453125 0.4041666666666667
10 0.7015625 0.4270833333333333 0.6328125 0.5020833333333333 0.653125 0.54375 0.6671875 0.5375 0.728125 0.475 0.703125 0.4270833333333333 0.7015625 0.4270833333333333
11 0.4515625 0.40208333333333335 0.4234375 0.4270833333333333 0.41875 0.44583333333333336 0.4828125 0.49375 0.5046875 0.44583333333333336 0.4578125 0.40208333333333335 0.4515625 0.40208333333333335
11 0.446875 0.7270833333333333 0.446875 0.7895833333333333 0.4828125 0.7979166666666667 0.5125 0.7895833333333333 0.5140625 0.73125 0.45625 0.7270833333333333 0.446875 0.7270833333333333
5 0.35 0.45416666666666666 0.3390625 0.5145833333333333 0.3859375 0.53125 0.396875 0.49166666666666664 0.396875 0.47291666666666665 0.3515625 0.45416666666666666 0.35 0.45416666666666666
7 0.615625 0.51875 0.59375 0.5666666666666667 0.671875 0.6291666666666667 0.69375 0.5791666666666667 0.6203125 0.51875 0.615625 0.51875
6 0.6125 0.2125 0.490625 0.22083333333333333 0.490625 0.2833333333333333 0.503125 0.28958333333333336 0.5171875 0.28125 0.5734375 0.2833333333333333 0.603125 0.26875 0.625 0.275 0.6265625 0.21666666666666667 0.61875 0.2125 0.6125 0.2125