11 0.271875 0.4395833333333333 0.2859375 0.4708333333333333 0.31875 0.5104166666666666 0.353125 0.475 0.35 0.4625 0.3078125 0.39791666666666664 0.296875 0.40208333333333335 0.271875 0.43125 0.271875 0.4395833333333333
11 0.459375 0.575 0.5 0.5979166666666667 0.5234375 0.5375 0.525 0.5166666666666667 0.4859375 0.49583333333333335 0.459375 0.5729166666666666 0.459375 0.575
9 0.303125 0.59375 0.3046875 0.6208333333333333 0.309375 0.625 0.3515625 0.6208333333333333 0.35625 0.6145833333333334 0.3546875 0.5625 0.30625 0.5625 0.303125 0.58125 0.303125 0.59375
7 0.3671875 0.3104166666666667 0.4578125 0.33958333333333335 0.465625 0.31875 0.46875 0.2875 0.4625 0.2791666666666667 0.3765625 0.25625 0.3671875 0.30625 0.3671875 0.3104166666666667
1 0.484375 0.4895833333333333 0.525 0.50625 0.534375 0.48333333333333334 0.5390625 0.4479166666666667 0.496875 0.43333333333333335 0.484375 0.48333333333333334 0.484375 0.4895833333333333
3 0.41875 0.7145833333333333 0.509375 0.71875 0.5140625 0.7020833333333333 0.5140625 0.6604166666666667 0.421875 0.6541666666666667 0.41875 0.7027770833333334 0.41875 0.7145833333333333
2 0.325 0.3770833333333333 0.4328125 0.47291666666666665 0.45625 0.43125 0.453125 0.41875 0.3453125 0.3229166666666667 0.3203125 0.37083333333333335 0.325 0.3770833333333333
14 0.3671875 0.6375 0.4015625 0.6583333333333333 0.4109375 0.6520833333333333 0.4578125 0.4979166666666667 0.45625 0.4875 0.415625 0.4708333333333333 0.3671875 0.6333333333333333 0.3671875 0.6375
13 0.55 0.6145833333333334 0.553125 0.6354166666666666 0.596875 0.6333333333333333 0.5984375 0.5791666666666667 0.59375 0.5729166666666666 0.5515625 0.575 0.55 0.6020833333333333 0.55 0.6145833333333334
12 0.459375 0.425 0.55 0.4270833333333333 0.5546875 0.4083333333333333 0.553125 0.37083333333333335 0.4609375 0.36666666666666664 0.459375 0.41375 0.459375 0.425
6 0.5359375 0.50625 0.5390625 0.5354166666666667 0.65625 0.53125 0.6765625 0.525 0.6734375 0.4708333333333333 0.54375 0.47708333333333336 0.5359375 0.4875 0.5359375 0.50625
5 0.428125 0.6354166666666666 0.453125 0.6520833333333333 0.46875 0.6541666666666667 0.48125 0.6291666666666667 0.4875 0.6 0.459375 0.5770833333333333 0.446875 0.5770833333333333 0.440625 0.5833333333333334 0.428125 0.625 0.428125 0.6354166666666666
4 0.575 0.35833333333333334 0.5828125 0.3729166666666667 0.6015625 0.3770833333333333 0.6203125 0.36041666666666666 0.6265625 0.33125 0.6125 0.30833333333333335 0.590625 0.30625 0.5765625 0.32916666666666666 0.575 0.34791666666666665 0.575 0.35833333333333334
8 0.2765625 0.6708333333333333 0.2953125 0.7 0.315625 0.7166666666666667 0.321875 0.7145833333333333 0.3484375 0.675 0.3484375 0.6666666666666666 0.3078125 0.625 0.2765625 0.6645833333333333 0.2765625 0.6708333333333333
10 0.5890625 0.42083333333333334 0.5984375 0.47291666666666665 0.6765625 0.45416666666666666 0.6890625 0.44583333333333336 0.684375 0.4041666666666667 0.678125 0.39166666666666666 0.5921875 0.4125 0.5890625 0.41875 0.5890625 0.42083333333333334