6 0.496875 0.49375 0.50625 0.5 0.6125 0.47708333333333336 0.6296875 0.4791666666666667 0.634375 0.4666666666666667 0.628125 0.41875 0.6140625 0.41875 0.49375 0.4395833333333333 0.496875 0.49375
7 0.5484375 0.5583333333333333 0.5515625 0.6166666666666667 0.6390625 0.5958333333333333 0.640625 0.5791666666666667 0.6328125 0.5395833333333333 0.628125 0.5395833333333333 0.5640625 0.5604166666666667 0.5484375 0.5583333333333333
8 0.34375 0.38125 0.3859375 0.3729166666666667 0.3734375 0.29791666666666666 0.36875 0.29791666666666666 0.3296875 0.3145833333333333 0.34375 0.38125
1 0.4359375 0.43125 0.475 0.44166666666666665 0.4859375 0.38333333333333336 0.4515625 0.37083333333333335 0.4453125 0.37083333333333335 0.434375 0.41458333333333336 0.4359375 0.43125
2 0.403125 0.48125 0.4078125 0.475 0.421875 0.4791666666666667 0.4265625 0.47291666666666665 0.4390625 0.37916666666666665 0.4453125 0.36875 0.4546875 0.30833333333333335 0.4515625 0.29791666666666666 0.4203125 0.2875 0.4125 0.2875 0.39375 0.4041666666666667 0.403125 0.48125
3 0.4828125 0.2604166666666667 0.5234375 0.35208333333333336 0.5328125 0.36041666666666666 0.5640625 0.3375 0.5671875 0.325 0.521875 0.22708333333333333 0.5171875 0.22708333333333333 0.4859375 0.2520833333333333 0.4828125 0.2604166666666667
5 0.4890625 0.38333333333333336 0.4953125 0.3729166666666667 0.4984375 0.31666666666666665 0.46875 0.30833333333333335 0.45625 0.30833333333333335 0.4484375 0.36875 0.4890625 0.38333333333333336
9 0.5734375 0.2875 0.6078125 0.2875 0.6171875 0.27708333333333335 0.61875 0.22083333333333333 0.6140625 0.21458333333333332 0.60546875 0.21458333333333332 0.5734375 0.22083333333333333 0.5734375 0.2875
10 0.45625 0.6270833333333333 0.4640625 0.625 0.5109375 0.5333333333333333 0.5046875 0.5208333333333334 0.478125 0.4979166666666667 0.4765625 0.4979166666666667 0.425 0.5958333333333333 0.45625 0.6270833333333333
11 0.4546875 0.53125 0.475 0.5 0.484375 0.4666666666666667 0.4484375 0.4354166666666667 0.446875 0.4354166666666667 0.41875 0.4979166666666667 0.4546875 0.53125
11 0.50625 0.6270833333333333 0.5484375 0.6166666666666667 0.5421875 0.5541666666666667 0.528125 0.5541666666666667 0.496875 0.5645833333333333 0.50625 0.6270833333333333
14 0.5125 0.6458333333333334 0.5203125 0.6895833333333333 0.6515625 0.65625 0.6546875 0.64375 0.6453125 0.5979166666666667 0.6359375 0.5979166666666667 0.5140625 0.6291666666666667 0.5125 0.6458333333333334
15 0.353125 0.49375 0.3546875 0.5041666666666667 0.3609375 0.5083333333333333 0.4 0.5 0.3921875 0.3875 0.3859375 0.375 0.3796875 0.375 0.34375 0.38333333333333336 0.353125 0.49375
13 0.578125 0.49375 0.5890625 0.5458333333333333 0.63125 0.5354166666666667 0.621875 0.4791666666666667 0.6125 0.4791666666666667 0.584375 0.48541666666666666 0.578125 0.49375
11 0.534375 0.51875 0.5375 0.5416666666666666 0.553125 0.55625 0.5671875 0.55625 0.58125 0.5395833333333333 0.5828125 0.51875 0.5765625 0.5 0.56875 0.49375 0.56015625 0.49375 0.5453125 0.4979166666666667 0.534375 0.51875