12 0.3132875 0.23534375000000002 0.3469796875 0.28730625000000004 0.354271875 0.28093541666666666 0.35779218749999997 0.2772479166666667 0.3570375 0.2695375 0.357540625 0.2614916666666667 0.3693578125 0.24741249999999998 0.38016875 0.2343375 0.3912328125 0.22360833333333333 0.40430625 0.21992083333333332 0.41360937499999995 0.20919374999999998 0.40908437500000006 0.19209583333333333 0.37790625 0.15018958333333332 0.3132875 0.23534375000000002
7 0.42014687500000003 0.18337916666666668 0.4334734375 0.30339791666666666 0.4754625 0.29971041666666665 0.4608796875 0.1746625 0.41889062499999996 0.18337916666666668 0.42014687500000003 0.18337916666666668
3 0.3527625 0.4036354166666667 0.39751875000000003 0.40631874999999995 0.40430625 0.2839541666666667 0.35779218749999997 0.2812708333333333 0.3527625 0.4036354166666667
8 0.37815781249999997 0.498175 0.41637500000000005 0.47470833333333334 0.39072968750000003 0.4056479166666667 0.3525109375 0.42777499999999996 0.37815781249999997 0.498175
4 0.47043437499999996 0.22226875 0.4757140625 0.23333125 0.48727968749999995 0.24037083333333334 0.5003546875 0.2397 0.51166875 0.2286375 0.5156921875 0.20919374999999998 0.51368125 0.19343749999999998 0.504378125 0.18136875 0.49406875 0.176675 0.48300625 0.17902083333333335 0.47495937499999996 0.18673125 0.46942812500000003 0.19544791666666667 0.46766874999999997 0.21153958333333334 0.47043437499999996 0.22226875
9 0.52700625 0.29870416666666666 0.566734375 0.2839541666666667 0.5521499999999999 0.22595625 0.515440625 0.24137708333333335 0.52700625 0.29870416666666666
10 0.43121093750000006 0.35971875 0.5222296875 0.360725 0.5227328124999999 0.3017208333333333 0.4317125 0.3060791666666667 0.43121093750000006 0.35971875
13 0.4686734375 0.43984375 0.509909375 0.4200625 0.49180624999999994 0.36508333333333337 0.4515765625 0.38083958333333334 0.4686734375 0.43984375
11 0.40782656250000004 0.41738125 0.4153703125 0.46364583333333337 0.459621875 0.4592875 0.4490625 0.36944166666666667 0.4060671875 0.37513958333333336 0.40782656250000004 0.41738125
1 0.505384375 0.43816666666666665 0.5446078125 0.4623041666666667 0.5629625 0.41000625 0.524240625 0.38687499999999997 0.505384375 0.43816666666666665
5 0.5652250000000001 0.54745625 0.6114890625 0.5581854166666667 0.6152609375 0.5001875 0.5687453125 0.4904645833333333 0.5652250000000001 0.54745625
6 0.414615625 0.5226479166666667 0.55089375 0.539075 0.553659375 0.4814125 0.41763281250000006 0.4666625 0.414615625 0.5226479166666667
14 0.49633125 0.5933854166666667 0.5893625 0.7291604166666666 0.621546875 0.687925 0.52700625 0.5551666666666667 0.49633125 0.5933854166666667
11 0.44026249999999995 0.70200625 0.49557812500000004 0.6678104166666666 0.476971875 0.61450625 0.4231640625 0.6480312500000001 0.44026249999999995 0.70200625
2 0.3195734375 0.4804083333333333 0.377403125 0.6456833333333333 0.41386093749999997 0.6222166666666666 0.35779218749999997 0.457275 0.3195734375 0.4804083333333333