11 0.575 0.19375 0.54375 0.20208333333333334 0.5421875 0.2604166666666667 0.615625 0.26875 0.6203125 0.20625 0.5828125 0.19375 0.575 0.19375
11 0.3984375 0.6166666666666667 0.3390625 0.625 0.34375 0.6854166666666667 0.3734375 0.6875 0.409375 0.6770833333333334 0.4125 0.66875 0.40625 0.6166666666666667 0.3984375 0.6166666666666667
10 0.65 0.6833333333333333 0.575 0.6875 0.5765625 0.75 0.6671875 0.7458333333333333 0.66875 0.7020833333333333 0.6671875 0.6854166666666667 0.6625 0.6833333333333333 0.65 0.6833333333333333
7 0.446875 0.6104166666666667 0.409375 0.625 0.409375 0.6395833333333333 0.4375 0.74375 0.4765625 0.7270833333333333 0.4484375 0.6083333333333333 0.446875 0.6104166666666667
15 0.4875 0.5604166666666667 0.4671875 0.66875 0.46875 0.68125 0.509375 0.69375 0.5296875 0.5708333333333333 0.496875 0.5604166666666667 0.4875 0.5604166666666667
3 0.403125 0.31875 0.3265625 0.37083333333333335 0.346875 0.425 0.365625 0.41875 0.428125 0.37083333333333335 0.409375 0.31875 0.403125 0.31875
13 0.55625 0.54375 0.534375 0.5833333333333334 0.5328125 0.5958333333333333 0.5734375 0.625 0.5953125 0.5791666666666667 0.5578125 0.54375 0.55625 0.54375
1 0.40625 0.4791666666666667 0.384375 0.5270833333333333 0.4078125 0.5520833333333334 0.421875 0.5583333333333333 0.440625 0.525 0.44375 0.5083333333333333 0.409375 0.4791666666666667 0.40625 0.4791666666666667
5 0.4390625 0.22708333333333333 0.403125 0.25833333333333336 0.43125 0.31875 0.440625 0.31666666666666665 0.4671875 0.28541666666666665 0.440625 0.225 0.4390625 0.22708333333333333
9 0.5265625 0.30833333333333335 0.490625 0.32708333333333334 0.5015625 0.3770833333333333 0.5109375 0.39166666666666666 0.5421875 0.3729166666666667 0.546875 0.3645833333333333 0.5328125 0.30833333333333335 0.5265625 0.30833333333333335
2 0.44375 0.3625 0.328125 0.4479166666666667 0.3484375 0.5 0.3578125 0.5 0.3609375 0.49166666666666664 0.4671875 0.41458333333333336 0.446875 0.3625 0.44375 0.3625
6 0.56875 0.2625 0.5609375 0.27708333333333335 0.5375 0.44583333333333336 0.5765625 0.45625 0.5890625 0.4083333333333333 0.6078125 0.2708333333333333 0.5734375 0.2625 0.56875 0.2625
14 0.6015625 0.34791666666666665 0.5703125 0.525 0.575 0.53125 0.6125 0.5395833333333333 0.6421875 0.36041666666666666 0.603125 0.34791666666666665 0.6015625 0.34791666666666665
4 0.6421875 0.4666666666666667 0.6265625 0.4791666666666667 0.6234375 0.5104166666666666 0.6390625 0.5291666666666667 0.65625 0.53125 0.671875 0.51875 0.6765625 0.4895833333333333 0.6671875 0.4708333333333333 0.6515625 0.4666666666666667 0.6421875 0.4666666666666667
8 0.5125 0.21875 0.48125 0.2520833333333333 0.484375 0.26666666666666666 0.5109375 0.3125 0.5328125 0.30416666666666664 0.55 0.28125 0.5171875 0.21875 0.5125 0.21875