5 0.7453125 0.40208333333333335 0.7171875 0.37083333333333335 0.70625 0.36875 0.6953125 0.375 0.6828125 0.3958333333333333 0.675 0.42291666666666666 0.703125 0.45208333333333334 0.7125 0.45208333333333334 0.728125 0.4395833333333333 0.7453125 0.40625 0.7453125 0.40208333333333335
6 0.4890625 0.3875 0.40625 0.25416666666666665 0.3734375 0.2875 0.3734375 0.3 0.45625 0.4270833333333333 0.471875 0.42083333333333334 0.490625 0.38958333333333334 0.4890625 0.3875
7 0.4796875 0.45 0.3953125 0.4083333333333333 0.3796875 0.46041666666666664 0.4453125 0.49375 0.4515625 0.5041666666666667 0.4640625 0.5041666666666667 0.4796875 0.45416666666666666 0.4796875 0.45
1 0.5390625 0.4083333333333333 0.5078125 0.3729166666666667 0.478125 0.41458333333333336 0.5046875 0.45208333333333334 0.5140625 0.45208333333333334 0.5390625 0.41458333333333336 0.5390625 0.4083333333333333
2 0.5890625 0.42916666666666664 0.565625 0.39791666666666664 0.55625 0.39375 0.465625 0.5166666666666667 0.4671875 0.5270833333333333 0.490625 0.5583333333333333 0.5 0.55625 0.5890625 0.4354166666666667 0.5890625 0.42916666666666664
3 0.6421875 0.30625 0.5515625 0.28958333333333336 0.54375 0.31875 0.54375 0.34791666666666665 0.6328125 0.36666666666666664 0.6375 0.36041666666666666 0.6421875 0.31875 0.6421875 0.30625
13 0.571875 0.6416666666666667 0.56875 0.6125 0.5640625 0.60625 0.521875 0.6166666666666667 0.5234375 0.6604166666666667 0.5296875 0.6708333333333333 0.565625 0.66875 0.571875 0.6645833333333333 0.571875 0.653125 0.571875 0.6416666666666667
14 0.4734375 0.5520833333333334 0.4578125 0.5083333333333333 0.4515625 0.5083333333333333 0.34375 0.5708333333333333 0.33125 0.5854166666666667 0.3453125 0.6291666666666667 0.35625 0.63125 0.4734375 0.5604166666666667 0.4734375 0.5520833333333334
15 0.6578125 0.38333333333333336 0.63125 0.375 0.6140625 0.375 0.609375 0.38125 0.6 0.4979166666666667 0.6453125 0.5041666666666667 0.6578125 0.39375 0.6578125 0.38333333333333336
4 0.53125 0.6916666666666667 0.528125 0.6770833333333334 0.5140625 0.6604166666666667 0.5 0.6604166666666667 0.4828125 0.6791666666666667 0.4828125 0.70625 0.4984375 0.7270833333333333 0.5203125 0.725 0.53125 0.7041666666666667 0.53125 0.6916666666666667
10 0.621875 0.7020833333333333 0.5328125 0.6791666666666667 0.5328125 0.7020833333333333 0.521875 0.7333333333333333 0.5375 0.74375 0.6125 0.7604166666666666 0.621875 0.7104166666666667 0.621875 0.7020833333333333
9 0.5359375 0.35 0.5296875 0.30833333333333335 0.5234375 0.3 0.490625 0.30833333333333335 0.4828125 0.31875 0.490625 0.37083333333333335 0.51875 0.36875 0.5328125 0.36041666666666666 0.5359375 0.35208333333333336 0.5359375 0.35
11 0.490625 0.5958333333333333 0.4484375 0.58125 0.4359375 0.63125 0.4359375 0.6520833333333333 0.4796875 0.6666666666666666 0.4921875 0.5979166666666667 0.490625 0.5958333333333333
11 0.56875 0.5875 0.5609375 0.5395833333333333 0.5078125 0.5541666666666667 0.5171875 0.6125 0.56875 0.5979166666666667 0.56875 0.5875
8 0.653125 0.6125 0.6484375 0.5729166666666666 0.5953125 0.5791666666666667 0.590625 0.5854166666666667 0.596875 0.6395833333333333 0.6296875 0.6395833333333333 0.653125 0.63125 0.653125 0.6125