1 0.5390625 0.4979166666666667 0.5296875 0.45625 0.4859375 0.46875 0.496875 0.525 0.5296875 0.5166666666666667 0.5390625 0.5083333333333333 0.5390625 0.4979166666666667
3 0.68125 0.5729166666666666 0.61875 0.5 0.6125 0.5 0.5875 0.5395833333333333 0.5953125 0.5583333333333333 0.653125 0.6208333333333333 0.66875 0.60625 0.684375 0.5770833333333333 0.68125 0.5729166666666666
2 0.5875 0.5729166666666666 0.58125 0.5291666666666667 0.490625 0.5375 0.45 0.54375 0.4453125 0.55 0.4515625 0.6020833333333333 0.5875 0.5854166666666667 0.5875 0.5729166666666666
8 0.5578125 0.6395833333333333 0.5484375 0.5979166666666667 0.49375 0.6145833333333334 0.503125 0.6708333333333333 0.5359375 0.6666666666666666 0.5578125 0.6541666666666667 0.5578125 0.6395833333333333
13 0.653125 0.39791666666666664 0.6328125 0.3729166666666667 0.6171875 0.3645833333333333 0.59375 0.39791666666666664 0.5890625 0.41458333333333336 0.6109375 0.4395833333333333 0.628125 0.44375 0.653125 0.4 0.653125 0.39791666666666664
14 0.4453125 0.31666666666666665 0.4375 0.27291666666666664 0.4296875 0.26875 0.309375 0.30833333333333335 0.303125 0.3125 0.3015625 0.3229166666666667 0.3109375 0.36666666666666664 0.3234375 0.36875 0.43125 0.3333333333333333 0.4453125 0.3229166666666667 0.4453125 0.31666666666666665
15 0.45625 0.6083333333333333 0.3640625 0.60625 0.3609375 0.6625 0.3640625 0.66875 0.4546875 0.66875 0.45625 0.62 0.45625 0.6083333333333333
11 0.4265625 0.4083333333333333 0.3984375 0.3625 0.3625 0.40625 0.3875 0.45208333333333334 0.4265625 0.4125 0.4265625 0.4083333333333333
11 0.4921875 0.5166666666666667 0.484375 0.4708333333333333 0.4296875 0.4875 0.440625 0.54375 0.4921875 0.5291666666666667 0.4921875 0.5166666666666667
10 0.5109375 0.44375 0.503125 0.4 0.4375 0.4166666666666667 0.415625 0.43125 0.4203125 0.475 0.4296875 0.48541666666666666 0.5109375 0.45416666666666666 0.5109375 0.44375
9 0.746875 0.5291666666666667 0.74375 0.49583333333333335 0.7390625 0.4895833333333333 0.703125 0.49375 0.6890625 0.5020833333333333 0.6953125 0.5520833333333334 0.7171875 0.55625 0.746875 0.5458333333333333 0.746875 0.5291666666666667
4 0.565625 0.375 0.5515625 0.3541666666666667 0.5328125 0.3541666666666667 0.5203125 0.36875 0.515625 0.38958333333333334 0.521875 0.4125 0.5296875 0.42083333333333334 0.55 0.41875 0.565625 0.39375 0.565625 0.375
5 0.5984375 0.5104166666666666 0.5859375 0.4583333333333333 0.55 0.4666666666666667 0.5390625 0.48125 0.540625 0.5125 0.553125 0.5291666666666667 0.5796875 0.5270833333333333 0.5984375 0.5145833333333333 0.5984375 0.5104166666666666
6 0.721875 0.3645833333333333 0.690625 0.33958333333333335 0.6796875 0.3416666666666667 0.6171875 0.4791666666666667 0.6140625 0.49583333333333335 0.6375 0.51875 0.653125 0.5229166666666667 0.721875 0.3729166666666667 0.721875 0.3645833333333333
7 0.50625 0.32708333333333334 0.4734375 0.28958333333333336 0.421875 0.36041666666666666 0.4140625 0.37916666666666665 0.4234375 0.39791666666666664 0.4453125 0.41458333333333336 0.50625 0.32916666666666666 0.50625 0.32708333333333334