8 0.325 0.39375 0.3265625 0.41458333333333336 0.3671875 0.4166666666666667 0.3734375 0.3958333333333333 0.3703125 0.3375 0.3296875 0.3375 0.325 0.38194374999999997 0.325 0.39375
6 0.334375 0.2708333333333333 0.3375 0.3104166666666667 0.3890625 0.3145833333333333 0.4640625 0.30833333333333335 0.478125 0.3 0.4765625 0.25625 0.4703125 0.24583333333333332 0.334375 0.2604166666666667 0.334375 0.2708333333333333
7 0.5 0.5375 0.584375 0.5729166666666666 0.59375 0.5541666666666667 0.6 0.51875 0.5109375 0.48541666666666666 0.5 0.5291666666666667 0.5 0.5375
5 0.4453125 0.44166666666666665 0.4734375 0.46875 0.4859375 0.47291666666666665 0.509375 0.42291666666666666 0.4890625 0.4 0.4671875 0.39166666666666666 0.4453125 0.43333333333333335 0.4453125 0.44166666666666665
3 0.3234375 0.5958333333333333 0.3390625 0.64375 0.425 0.6020833333333333 0.4109375 0.5479166666666667 0.33125 0.5791666666666667 0.3234375 0.5895833333333333 0.3234375 0.5958333333333333
1 0.4640625 0.3770833333333333 0.503125 0.4041666666666667 0.521875 0.3541666666666667 0.484375 0.325 0.4640625 0.36666666666666664 0.4640625 0.3770833333333333
2 0.4265625 0.5729166666666666 0.553125 0.625 0.5703125 0.5770833333333333 0.56875 0.56875 0.4421875 0.5166666666666667 0.4359375 0.5208333333333334 0.4265625 0.5604166666666667 0.4265625 0.5729166666666666
9 0.50625 0.7145833333333333 0.5453125 0.7333333333333333 0.5625 0.6916666666666667 0.5625 0.6770833333333334 0.525 0.6541666666666667 0.5171875 0.6645833333333333 0.50625 0.7041666666666667 0.50625 0.7145833333333333
10 0.3671875 0.6416666666666667 0.3796875 0.6895833333333333 0.4671875 0.65 0.4625 0.6083333333333333 0.4515625 0.5958333333333333 0.3671875 0.6375 0.3671875 0.6416666666666667
11 0.5609375 0.5020833333333333 0.60625 0.5145833333333333 0.6171875 0.45625 0.5703125 0.44166666666666665 0.5609375 0.49375 0.5609375 0.5020833333333333
11 0.58125 0.3645833333333333 0.584375 0.4 0.590625 0.4041666666666667 0.6328125 0.39791666666666664 0.646875 0.38958333333333334 0.6453125 0.34375 0.640625 0.32916666666666666 0.58125 0.3458333333333333 0.58125 0.3645833333333333
13 0.3734375 0.4354166666666667 0.375 0.45416666666666666 0.3828125 0.46041666666666664 0.4203125 0.4583333333333333 0.425 0.45 0.421875 0.40208333333333335 0.4140625 0.3958333333333333 0.378125 0.39791666666666664 0.3734375 0.42083333333333334 0.3734375 0.4354166666666667
14 0.2625 0.55 0.2734375 0.59375 0.284375 0.59375 0.409375 0.5416666666666666 0.3984375 0.49166666666666664 0.3921875 0.48541666666666666 0.2625 0.5395833333333333 0.2625 0.55
4 0.259375 0.49375 0.2734375 0.5166666666666667 0.2921875 0.51875 0.3140625 0.50625 0.321875 0.48541666666666666 0.315625 0.46458333333333335 0.290625 0.45416666666666666 0.2734375 0.45625 0.259375 0.4791666666666667 0.259375 0.49375
12 0.3140625 0.325 0.321875 0.3958333333333333 0.31875 0.4395833333333333 0.36875 0.4395833333333333 0.3734375 0.43125 0.371875 0.41041666666666665 0.3265625 0.4125 0.325 0.36041666666666666 0.328125 0.3375 0.36875 0.3375 0.365625 0.3229166666666667 0.3578125 0.3125 0.3140625 0.31875 0.3140625 0.325