2 0.26875 0.6902770833333334 0.2947921875 0.7277770833333334 0.40208281250000005 0.6097229166666666 0.375 0.5666666666666667 0.26875 0.6902770833333334
11 0.2791671875 0.4486104166666667 0.253125 0.48472291666666667 0.2364578125 0.5166666666666667 0.2645828125 0.5486104166666668 0.278125 0.55555625 0.3114578125 0.48472291666666667 0.2791671875 0.4486104166666667
10 0.3791671875 0.7125 0.4114578125 0.7486104166666667 0.47291718749999995 0.6597229166666666 0.43958281250000003 0.6236104166666667 0.3791671875 0.7125
4 0.46041718749999994 0.6041666666666666 0.46145781250000006 0.5472229166666666 0.396875 0.5486104166666668 0.396875 0.6111104166666668 0.46041718749999994 0.6041666666666666
6 0.321875 0.43611041666666667 0.3145828125 0.4625 0.440625 0.5430562499999999 0.453125 0.51944375 0.321875 0.43611041666666667
14 0.3260421875 0.29861041666666666 0.41979218749999997 0.43611041666666667 0.43541718749999997 0.41944375 0.340625 0.2791666666666667 0.3260421875 0.29861041666666666
8 0.48333281250000004 0.5847229166666666 0.5072921874999999 0.6472229166666666 0.5510421875 0.6222229166666666 0.525 0.55555625 0.48333281250000004 0.5847229166666666
13 0.5822921875 0.6125 0.5635421875 0.6611104166666667 0.5979171875 0.6972229166666666 0.6260421875 0.6416666666666667 0.5822921875 0.6125
3 0.5520828125 0.51944375 0.5427078125 0.58055625 0.6302078125 0.61805625 0.6447921875 0.5541666666666667 0.5520828125 0.51944375
5 0.4322921875 0.43333333333333335 0.434375 0.49583333333333335 0.48229218749999997 0.49583333333333335 0.48125 0.43055625000000003 0.4322921875 0.43333333333333335
13 0.48333281250000004 0.42916666666666664 0.48541718749999996 0.49166666666666664 0.528125 0.4875 0.525 0.4375 0.48333281250000004 0.42916666666666664
1 0.5552078125000001 0.4277770833333333 0.5791671875 0.4763895833333333 0.6145828125 0.43888958333333333 0.5927078125 0.39305625 0.5552078125000001 0.4277770833333333
7 0.5822921875 0.47361041666666664 0.5947921875 0.5277770833333333 0.6802078125000001 0.48611041666666666 0.665625 0.4375 0.5822921875 0.47361041666666664
11 0.4427078125 0.2833333333333333 0.42291718749999996 0.3361104166666667 0.48020781250000005 0.37638958333333333 0.48854218749999995 0.39027708333333333 0.5125 0.33194375 0.4427078125 0.2833333333333333
9 0.6458328125 0.30833333333333335 0.6145828125 0.275 0.5864578125000001 0.3333333333333333 0.5854171874999999 0.3361104166666667 0.621875 0.3625 0.6458328125 0.30833333333333335