14 0.3734375 0.23333333333333334 0.44375 0.3729166666666667 0.4515625 0.3770833333333333 0.4796875 0.35208333333333336 0.4828125 0.33958333333333335 0.4078125 0.19375 0.403125 0.19375 0.3734375 0.22083333333333333 0.3734375 0.23333333333333334
12 0.2953125 0.36875 0.2921875 0.39375 0.296875 0.4270833333333333 0.3296875 0.43125 0.390625 0.41875 0.3890625 0.36875 0.38125 0.35625 0.3796875 0.3541666666666667 0.35 0.36666666666666664 0.2953125 0.36875
4 0.4609375 0.55 0.465625 0.5770833333333333 0.478125 0.5895833333333333 0.4984375 0.5854166666666667 0.509375 0.5666666666666667 0.5078125 0.5416666666666666 0.49375 0.525 0.48515625 0.525 0.46875 0.53125 0.4609375 0.55
13 0.5234375 0.6291666666666667 0.5671875 0.63125 0.56875 0.575 0.5375 0.56875 0.5328125 0.56875 0.5234375 0.5770833333333333 0.5234375 0.6291666666666667
1 0.4140625 0.4895833333333333 0.434375 0.5333333333333333 0.4453125 0.53125 0.471875 0.5083333333333333 0.4703125 0.49375 0.4515625 0.45625 0.446875 0.45625 0.4296875 0.4666666666666667 0.4140625 0.4895833333333333
3 0.5 0.5041666666666667 0.5171875 0.50625 0.528125 0.49583333333333335 0.56875 0.49375 0.5859375 0.48541666666666666 0.5890625 0.475 0.5796875 0.425 0.5765625 0.425 0.4921875 0.44583333333333336 0.5 0.5041666666666667
2 0.5140625 0.39166666666666666 0.540625 0.3875 0.640625 0.34375 0.64375 0.32708333333333334 0.63125 0.28125 0.6296875 0.28125 0.503125 0.3333333333333333 0.5140625 0.39166666666666666
5 0.4359375 0.63125 0.475 0.6 0.4546875 0.55 0.45 0.55 0.4140625 0.5791666666666667 0.4359375 0.63125
7 0.39375 0.4979166666666667 0.4 0.5 0.4109375 0.4895833333333333 0.4640625 0.41875 0.4359375 0.3770833333333333 0.43125 0.3770833333333333 0.3703125 0.4583333333333333 0.39375 0.4979166666666667
6 0.39375 0.6583333333333333 0.4109375 0.6833333333333333 0.4296875 0.6708333333333333 0.44375 0.6479166666666667 0.36875 0.5020833333333333 0.3671875 0.5020833333333333 0.3328125 0.5354166666666667 0.39375 0.6583333333333333
10 0.596875 0.5375 0.6296875 0.5416666666666666 0.6484375 0.42291666666666666 0.6140625 0.4125 0.60625 0.4125 0.5875 0.5291666666666667 0.596875 0.5375
9 0.43125 0.6729166666666667 0.44375 0.73125 0.484375 0.7166666666666667 0.4734375 0.6541666666666667 0.4703125 0.6541666666666667 0.4390625 0.6645833333333333 0.43125 0.6729166666666667
11 0.528125 0.5645833333333333 0.575 0.5520833333333334 0.5703125 0.49583333333333335 0.5609375 0.49583333333333335 0.521875 0.5020833333333333 0.528125 0.5645833333333333
11 0.5328125 0.7416666666666667 0.5921875 0.7479166666666667 0.5921875 0.6916666666666667 0.5875 0.68125 0.5796875 0.68125 0.5328125 0.68125 0.5328125 0.7416666666666667
8 0.5703125 0.6208333333333333 0.60625 0.6729166666666667 0.6375 0.6333333333333333 0.603125 0.5791666666666667 0.5984375 0.5791666666666667 0.571875 0.6083333333333333 0.5703125 0.6208333333333333