11 0.27826875 0.49685 0.31072968749999996 0.4571479166666667 0.2665546875 0.39174166666666665 0.23311874999999999 0.43144166666666667 0.24702968749999998 0.46268125 0.27826875 0.49685
6 0.373696875 0.46235625 0.34245625 0.41907500000000003 0.2416609375 0.5433833333333333 0.2697265625 0.5850354166666667 0.373696875 0.46235625
14 0.2665546875 0.67094375 0.3707671875 0.5485895833333333 0.34099218750000004 0.5075875 0.23848750000000002 0.6299416666666667 0.2665546875 0.67094375
2 0.433490625 0.42883750000000004 0.438615625 0.3728666666666667 0.3009671875 0.3500875 0.29779374999999997 0.40508333333333335 0.433490625 0.42883750000000004
5 0.43520000000000003 0.5101916666666667 0.4344671875 0.4496645833333333 0.3871203125 0.4506395833333333 0.3876078125 0.51214375 0.43520000000000003 0.5101916666666667
11 0.3566125 0.7031604166666666 0.40273906249999997 0.7038104166666667 0.4029828125 0.5990291666666666 0.3566125 0.6016312500000001 0.3527078125 0.6585791666666666 0.3566125 0.7031604166666666
10 0.532090625 0.36928750000000005 0.54380625 0.3468333333333333 0.464975 0.27621875 0.453259375 0.3003 0.532090625 0.36928750000000005
4 0.4422765625 0.4682125 0.4498421875 0.4783 0.4618015625 0.4815541666666666 0.4720515625 0.47537083333333335 0.48010624999999996 0.4639833333333333 0.4837671875 0.44998958333333333 0.48108281249999996 0.4343708333333333 0.473271875 0.4268854166666667 0.463509375 0.42135416666666664 0.45399218750000003 0.42070208333333337 0.44740156249999996 0.4255833333333333 0.43837187499999997 0.4366479166666667 0.4371515625 0.45422083333333335 0.4422765625 0.4682125
13 0.483034375 0.5479395833333334 0.4798625 0.4906666666666667 0.43764062499999995 0.49229375 0.4391046875 0.55184375 0.483034375 0.5479395833333334
9 0.4769328125 0.67940625 0.497678125 0.6322208333333333 0.46058125 0.6029333333333333 0.43837187499999997 0.6530479166666667 0.4769328125 0.67940625
8 0.584075 0.48057916666666667 0.5543 0.41484583333333336 0.517203125 0.44673541666666666 0.546978125 0.5108416666666666 0.584075 0.48057916666666667
1 0.5189109375000001 0.5944729166666666 0.5501515625 0.5554229166666667 0.51964375 0.5153979166666667 0.48962500000000003 0.5534708333333334 0.5189109375000001 0.5944729166666666
7 0.5953015625 0.6846125 0.6199515625 0.6390541666666666 0.546246875 0.5700666666666667 0.5240375 0.6133458333333334 0.5953015625 0.6846125
12 0.6089687500000001 0.46170416666666664 0.654853125 0.35203958333333335 0.6184875 0.32503125 0.6097015625 0.34748541666666666 0.6189765625 0.35692083333333335 0.625321875 0.36733541666666664 0.6267859375 0.38230416666666667 0.623125 0.40410625 0.6175109375 0.41386875 0.60848125 0.42428125 0.5972546875 0.42298125000000003 0.5870046875 0.42298125000000003 0.5799265625000001 0.4200520833333333 0.576509375 0.42070208333333337 0.575778125 0.42265416666666666 0.571871875 0.43339374999999997 0.6089687500000001 0.46170416666666664
3 0.6719359375 0.5681145833333333 0.6824312499999999 0.51181875 0.5928609375 0.4883875 0.5848078125 0.5424062500000001 0.6719359375 0.5681145833333333