7 0.4804328125 0.219275 0.5295328125000001 0.3157125 0.5630578125000001 0.2893166666666667 0.517653125 0.18865416666666668 0.4825453125 0.21786666666666665 0.4804328125 0.219275
3 0.421303125 0.32134583333333333 0.44242187499999996 0.36428541666666664 0.5171265625 0.3005791666666667 0.49442343749999995 0.25552708333333335 0.421303125 0.32134583333333333
11 0.5709765625000001 0.4184875 0.6092531250000001 0.39033125 0.5791593749999999 0.33683125 0.541675 0.3656916666666667 0.5709765625000001 0.4184875
1 0.47330625 0.4477 0.5115828125 0.42130416666666665 0.4920484375 0.3737875 0.4561484375 0.3952583333333333 0.47330625 0.4477
9 0.52135 0.45755625 0.5625296875 0.44664375 0.5501234375 0.39314583333333336 0.5115828125 0.40265 0.52135 0.45755625
2 0.6380421875 0.49204791666666664 0.67869375 0.47550624999999996 0.6324828124999999 0.30445 0.5944703125 0.32275208333333333 0.6380421875 0.49204791666666664
15 0.505790625 0.5363958333333334 0.5905265625 0.49486458333333333 0.5789125 0.4459416666666666 0.49127187499999997 0.4850083333333333 0.505790625 0.5363958333333334
10 0.5445953125 0.5712416666666668 0.634875 0.5842625 0.6383062500000001 0.5258375 0.55225 0.51915 0.5445953125 0.5712416666666668
4 0.5833999999999999 0.6430416666666667 0.576271875 0.6518416666666667 0.5704640624999999 0.66803125 0.572840625 0.6828145833333333 0.580759375 0.6986520833333334 0.60029375 0.702875 0.6163968750000001 0.69478125 0.6214109375 0.6807020833333334 0.6214109375 0.66134375 0.6148125 0.6483208333333333 0.6058375 0.64128125 0.59580625 0.6384666666666666 0.5833999999999999 0.6430416666666667
14 0.4255265625 0.6968916666666666 0.46485937499999996 0.7246979166666667 0.525309375 0.56068125 0.4857125 0.5356916666666667 0.4255265625 0.6968916666666666
5 0.4775296875 0.5451958333333333 0.44611718749999996 0.5064791666666667 0.41338747187499997 0.5458962708333334 0.412328125 0.5466020833333334 0.445853125 0.5884874999999999 0.4775296875 0.5451958333333333
8 0.39437812499999997 0.6536000000000001 0.438725 0.6511375 0.4360859375 0.5744083333333333 0.39094687499999997 0.5744083333333333 0.39437812499999997 0.6536000000000001
11 0.3819703125 0.49556875 0.42394218749999996 0.47480208333333335 0.4015046875 0.4068729166666667 0.358740625 0.4283416666666667 0.3819703125 0.49556875
13 0.3595328125 0.4255270833333333 0.39701718750000003 0.398425 0.3716765625 0.35020625 0.3376234375 0.3766041666666667 0.3595328125 0.4255270833333333
6 0.4376703125 0.4836020833333333 0.47277812499999994 0.4568520833333333 0.4073125 0.29811458333333335 0.37035625 0.3252166666666667 0.4376703125 0.4836020833333333