1 0.4015625 0.3458333333333333 0.3796875 0.3020833333333333 0.3421875 0.33125 0.3640625 0.37916666666666665 0.3765625 0.38125 0.4015625 0.35833333333333334 0.4015625 0.3458333333333333
3 0.709375 0.66875 0.7046875 0.6270833333333333 0.621875 0.6291666666666667 0.609375 0.64375 0.6140625 0.6854166666666667 0.61875 0.6916666666666667 0.7 0.6854166666666667 0.709375 0.675 0.709375 0.66875
2 0.603125 0.4 0.496875 0.29791666666666666 0.4875 0.30625 0.46875 0.34375 0.575 0.4479166666666667 0.584375 0.44166666666666665 0.603125 0.40625 0.603125 0.4
8 0.7578125 0.6541666666666667 0.7515625 0.6291666666666667 0.709375 0.6291666666666667 0.7109375 0.6770833333333334 0.7046875 0.7 0.7109375 0.70625 0.7515625 0.70625 0.7578125 0.6916666666666667 0.7578125 0.6666666666666666 0.7578125 0.6541666666666667
5 0.6125 0.6270833333333333 0.603125 0.58125 0.596875 0.575 0.5640625 0.5854166666666667 0.55625 0.59375 0.5546875 0.6020833333333333 0.571875 0.6541666666666667 0.6046875 0.64375 0.6140625 0.6291666666666667 0.6125 0.6270833333333333
6 0.759375 0.5229166666666667 0.6984375 0.3645833333333333 0.6546875 0.3958333333333333 0.7140625 0.55 0.728125 0.55 0.7609375 0.525 0.759375 0.5229166666666667
7 0.4828125 0.29583333333333334 0.45625 0.2708333333333333 0.45 0.27291666666666664 0.4015625 0.36041666666666666 0.4015625 0.37083333333333335 0.434375 0.40208333333333335 0.4875 0.3020833333333333 0.4828125 0.29583333333333334
13 0.7265625 0.28125 0.6828125 0.2708333333333333 0.671875 0.2875 0.6671875 0.33541666666666664 0.7015625 0.3458333333333333 0.71875 0.3416666666666667 0.7265625 0.29375 0.7265625 0.28125
14 0.4578125 0.4166666666666667 0.33125 0.3729166666666667 0.31875 0.4270833333333333 0.4515625 0.475 0.4578125 0.4270833333333333 0.4578125 0.4166666666666667
12 0.521875 0.6458333333333334 0.5203125 0.6041666666666666 0.515625 0.5958333333333333 0.4359375 0.6 0.425 0.6083333333333333 0.4296875 0.6625 0.521875 0.6541666666666667 0.521875 0.6458333333333334
9 0.515625 0.39166666666666666 0.5015625 0.38125 0.475 0.375 0.4609375 0.43125 0.5046875 0.4479166666666667 0.515625 0.4 0.515625 0.39166666666666666
10 0.5921875 0.5166666666666667 0.5640625 0.4875 0.5546875 0.48541666666666666 0.5078125 0.575 0.5078125 0.5833333333333334 0.5140625 0.59375 0.54375 0.6125 0.59375 0.51875 0.5921875 0.5166666666666667
11 0.415625 0.5625 0.3640625 0.5229166666666667 0.340625 0.5770833333333333 0.39375 0.6104166666666667 0.415625 0.5666666666666667 0.415625 0.5625
11 0.734375 0.5708333333333333 0.6703125 0.55 0.6609375 0.6083333333333333 0.6921875 0.6208333333333333 0.725 0.625 0.734375 0.5791666666666667 0.734375 0.5708333333333333
4 0.65 0.42916666666666664 0.6390625 0.4041666666666667 0.6171875 0.4 0.6 0.4166666666666667 0.5953125 0.44166666666666665 0.6046875 0.4625 0.6296875 0.46458333333333335 0.64375 0.45416666666666666 0.65 0.43333333333333335 0.65 0.42916666666666664