14 0.7385421875 0.7027770833333334 0.64375 0.5680562499999999 0.6114578125000001 0.6097229166666666 0.7041671875 0.74305625 0.7385421875 0.7027770833333334
2 0.6416671875 0.49444375 0.6697921874999999 0.53055625 0.7708328125 0.4041666666666667 0.740625 0.3638895833333333 0.6416671875 0.49444375
11 0.7041671875 0.5263895833333333 0.7010421874999999 0.5722229166666666 0.7260421874999999 0.5986104166666667 0.771875 0.5819437500000001 0.7520828125000001 0.5111104166666667 0.7510421875 0.5083333333333333 0.753125 0.51805625 0.7041671875 0.5263895833333333
10 0.6427078125000001 0.29305625 0.65 0.3458333333333333 0.7416671874999999 0.325 0.7364578125000001 0.2597229166666667 0.6427078125000001 0.29305625
8 0.5666671875 0.35 0.5864578125000001 0.37083333333333335 0.621875 0.34444375 0.5979171875 0.2708333333333333 0.5635421875 0.2875 0.5552078125000001 0.29861041666666666 0.5666671875 0.35
4 0.5947921875 0.41527708333333335 0.6010421874999999 0.44166666666666665 0.6083328125 0.45138958333333334 0.6270828125000001 0.45277708333333333 0.6447921875 0.43888958333333333 0.653125 0.40972291666666666 0.6302078125 0.3875 0.6104171875 0.39722291666666665 0.5947921875 0.41527708333333335
12 0.5114578125 0.3777770833333333 0.534375 0.31111041666666667 0.45 0.2625 0.43020781250000006 0.325 0.5114578125 0.3777770833333333
5 0.5583328125 0.5402770833333334 0.55 0.48333333333333334 0.5052078125 0.49305625000000003 0.5135421874999999 0.5541666666666667 0.5583328125 0.5402770833333334
3 0.3885421875 0.33194375 0.421875 0.44583333333333336 0.46041718749999994 0.4166666666666667 0.42083281250000004 0.30694375 0.3885421875 0.33194375
7 0.396875 0.5083333333333333 0.4322921875 0.48333333333333334 0.3802078125 0.3777770833333333 0.3479171875 0.41527708333333335 0.396875 0.5083333333333333
6 0.6104171875 0.7277770833333334 0.58125 0.55555625 0.5354171875 0.5597229166666666 0.5666671875 0.7388895833333333 0.6104171875 0.7277770833333334
13 0.40520781250000004 0.5722229166666666 0.44479218749999994 0.5986104166666667 0.459375 0.5638895833333333 0.465625 0.5486104166666668 0.43020781250000006 0.5291666666666667 0.40520781250000004 0.5722229166666666
11 0.49791718749999997 0.7291666666666666 0.5135421874999999 0.625 0.475 0.6083333333333333 0.45625 0.7138895833333333 0.49791718749999997 0.7291666666666666
9 0.36875 0.7083333333333334 0.3885421875 0.6527770833333334 0.3479171875 0.6236104166666667 0.325 0.6819437500000001 0.36875 0.7083333333333334
1 0.3645828125 0.5611104166666667 0.371875 0.5041666666666667 0.3229171875 0.49166666666666664 0.3197921875 0.5541666666666667 0.3645828125 0.5611104166666667