7 0.43694218749999997 0.2893166666666667 0.4704671875 0.3157125 0.5195671875000001 0.219275 0.5174546875 0.21786666666666665 0.482346875 0.18865416666666668 0.43694218749999997 0.2893166666666667
3 0.557578125 0.36428541666666664 0.578696875 0.32134583333333333 0.5055765625 0.25552708333333335 0.4828734375 0.3005791666666667 0.557578125 0.36428541666666664
11 0.390746875 0.39033125 0.4290234375 0.4184875 0.458325 0.3656916666666667 0.420840625 0.33683125 0.390746875 0.39033125
1 0.48841718749999996 0.42130416666666665 0.52669375 0.4477 0.5438515625 0.3952583333333333 0.5079515625 0.3737875 0.48841718749999996 0.42130416666666665
9 0.4374703125 0.44664375 0.47865 0.45755625 0.48841718749999996 0.40265 0.44987656249999997 0.39314583333333336 0.4374703125 0.44664375
2 0.32130625 0.47550624999999996 0.3619578125 0.49204791666666664 0.40552968749999996 0.32275208333333333 0.3675171875 0.30445 0.32130625 0.47550624999999996
15 0.4094734375 0.49486458333333333 0.49420937499999995 0.5363958333333334 0.508728125 0.4850083333333333 0.42108749999999995 0.4459416666666666 0.4094734375 0.49486458333333333
10 0.36512500000000003 0.5842625 0.4554046875 0.5712416666666668 0.44775 0.51915 0.36169375000000004 0.5258375 0.36512500000000003 0.5842625
4 0.3851875 0.6483208333333333 0.3785890625 0.66134375 0.3785890625 0.6807020833333334 0.383603125 0.69478125 0.39970625000000004 0.702875 0.41924062500000003 0.6986520833333334 0.427159375 0.6828145833333333 0.4295359375 0.66803125 0.42372812499999996 0.6518416666666667 0.4166 0.6430416666666667 0.40419375 0.6384666666666666 0.3941625 0.64128125 0.3851875 0.6483208333333333
14 0.535140625 0.7246979166666667 0.5744734375 0.6968916666666666 0.5142875 0.5356916666666667 0.47469062500000003 0.56068125 0.535140625 0.7246979166666667
5 0.5866125281250001 0.5458962708333334 0.5538828125 0.5064791666666667 0.5224703125 0.5451958333333333 0.554146875 0.5884874999999999 0.5876718750000001 0.5466020833333334 0.5866125281250001 0.5458962708333334
8 0.561275 0.6511375 0.605621875 0.6536000000000001 0.609053125 0.5744083333333333 0.5639140625 0.5744083333333333 0.561275 0.6511375
11 0.5760578125 0.47480208333333335 0.6180296875 0.49556875 0.641259375 0.4283416666666667 0.5984953125 0.4068729166666667 0.5760578125 0.47480208333333335
13 0.6029828125 0.398425 0.6404671875 0.4255270833333333 0.6623765625 0.3766041666666667 0.6283234375 0.35020625 0.6029828125 0.398425
6 0.5272218750000001 0.4568520833333333 0.5623296875 0.4836020833333333 0.62964375 0.3252166666666667 0.5926875 0.29811458333333335 0.5272218750000001 0.4568520833333333