2 0.55 0.3333333333333333 0.5822921875 0.36944375 0.6708328125 0.22638958333333334 0.6427078125000001 0.19166666666666668 0.55 0.3333333333333333
11 0.48854218749999995 0.17083333333333334 0.46145781250000006 0.20555625 0.48854218749999995 0.24861041666666667 0.5416671875 0.20416666666666666 0.5364578125 0.18611041666666667 0.5125 0.14861041666666666 0.48854218749999995 0.17083333333333334
10 0.5927078125 0.41944375 0.6197921875 0.46388958333333336 0.6864578125 0.38194374999999997 0.659375 0.33888958333333336 0.5927078125 0.41944375
4 0.5833328125 0.3625 0.5364578125 0.3625 0.5354171875 0.4486104166666667 0.578125 0.4472229166666667 0.5833328125 0.3625
6 0.5145828125 0.4375 0.5322921875 0.42083333333333334 0.471875 0.2527770833333333 0.45208281250000004 0.2625 0.5145828125 0.4375
14 0.334375 0.2875 0.43958281250000003 0.4138895833333333 0.45208281250000004 0.39305625 0.3489578125 0.26805625 0.334375 0.2875
8 0.5416671875 0.5333333333333333 0.5916671874999999 0.5680562499999999 0.6104171875 0.5097229166666667 0.5635421875 0.47777708333333335 0.5416671875 0.5333333333333333
13 0.60625 0.6680562499999999 0.6479171874999999 0.6305562499999999 0.6208328125 0.5847229166666666 0.584375 0.6097229166666666 0.60625 0.6680562499999999
3 0.540625 0.6930562499999999 0.5885421875 0.6736104166666668 0.5604171874999999 0.5569437500000001 0.5145828125 0.56944375 0.540625 0.6930562499999999
5 0.4479171875 0.475 0.496875 0.4763895833333333 0.496875 0.4125 0.45 0.40972291666666666 0.4479171875 0.475
13 0.453125 0.5333333333333333 0.490625 0.5375 0.49375 0.48055625 0.446875 0.47777708333333335 0.453125 0.5333333333333333
1 0.41979218749999997 0.6236104166666667 0.45416718749999996 0.6527770833333334 0.48229218749999997 0.6055562499999999 0.44583281250000006 0.5736104166666667 0.41979218749999997 0.6236104166666667
7 0.453125 0.7208333333333333 0.4895828125 0.7402770833333334 0.5208328125 0.6263895833333333 0.48020781250000005 0.6097229166666666 0.453125 0.7208333333333333
11 0.3375 0.42361041666666666 0.3739578125 0.5166666666666667 0.41770781250000005 0.48472291666666667 0.40729218749999996 0.47361041666666664 0.3770828125 0.39722291666666665 0.3375 0.42361041666666666
9 0.35625 0.69444375 0.396875 0.6625 0.3770828125 0.6138895833333333 0.375 0.6152770833333334 0.33125 0.6527770833333334 0.35625 0.69444375