8 0.61136875 0.31448750000000003 0.6398703125 0.26811666666666667 0.6377796874999999 0.25870208333333333 0.5988171875 0.21581875 0.5676984375 0.26358333333333334 0.61136875 0.31448750000000003
9 0.5151390625000001 0.40757916666666666 0.5538406250000001 0.395725 0.5452109375 0.33540625 0.5036343750000001 0.34865625 0.5151390625000001 0.40757916666666666
13 0.48559062500000005 0.47556666666666664 0.5271671875 0.4839354166666666 0.53344375 0.42745208333333334 0.490559375 0.41978125 0.48559062500000005 0.47556666666666664
11 0.4379984375 0.36504375 0.48349843750000004 0.3866604166666667 0.5031109375 0.3270395833333334 0.461271875 0.3057708333333334 0.4379984375 0.36504375
3 0.531090625 0.4766125 0.619996875 0.499625 0.6273187499999999 0.44279375 0.5378890625 0.4204791666666667 0.531090625 0.4766125
4 0.43930625 0.4058354166666666 0.4291078125 0.4040916666666667 0.4217859375 0.40827708333333335 0.4128953125 0.41838749999999997 0.4097578125 0.4312875 0.41132656250000005 0.4434895833333333 0.41681875 0.460225 0.42963125 0.46545625 0.44322968749999997 0.4595291666666667 0.45238125 0.447675 0.45604218750000003 0.4312875 0.453165625 0.41594583333333335 0.44427500000000003 0.4044416666666667 0.43930625 0.4058354166666666
7 0.34543124999999997 0.460575 0.3880546875 0.4609229166666667 0.391715625 0.34168333333333334 0.3496140625 0.33889375000000005 0.34543124999999997 0.460575
1 0.4372140625 0.5526208333333333 0.47251562500000005 0.5184520833333334 0.448196875 0.4766125 0.41185 0.5093854166666667 0.4372140625 0.5526208333333333
6 0.4738234375 0.7293875 0.5185390625 0.7304333333333334 0.5182765625 0.5494812499999999 0.475915625 0.5484354166666667 0.4738234375 0.7293875
10 0.41655625 0.7265999999999999 0.46153281249999994 0.7304333333333334 0.46859375 0.60945 0.424140625 0.6042208333333333 0.41655625 0.7265999999999999
12 0.32215781250000003 0.52995625 0.326603125 0.53658125 0.3294796875 0.54983125 0.330003125 0.5752833333333334 0.3305265625 0.6042208333333333 0.32765 0.6195625 0.326865625 0.6376916666666667 0.3789015625 0.63420625 0.37419531250000004 0.5160104166666667 0.3692265625 0.5093854166666667 0.3216359375 0.5156625 0.32215781250000003 0.52995625
11 0.5386734375 0.5934125 0.5765906249999999 0.5655208333333334 0.55619375 0.5079916666666667 0.5174921875 0.5344895833333333 0.5386734375 0.5934125
13 0.5653453125000001 0.6540791666666668 0.6066609374999999 0.6770895833333334 0.6231359375000001 0.6192124999999999 0.57894375 0.5962020833333334 0.5653453125000001 0.6540791666666668