12 0.47689531250000006 0.23750833333333335 0.4764609375 0.2597833333333333 0.557390625 0.30433333333333334 0.5788703125 0.238375 0.4916484375 0.19006458333333331 0.47689531250000006 0.23750833333333335
7 0.3718828125 0.4122395833333333 0.40768281249999994 0.44550625 0.46235781249999997 0.34570208333333335 0.42829375000000003 0.31416875 0.3718828125 0.4122395833333333
4 0.36211875 0.43538125 0.3543078125 0.44724375 0.3517046875 0.4637333333333334 0.3569125 0.47964375000000004 0.3688453125 0.48918958333333334 0.38576875 0.48774375 0.3977015625 0.46980833333333333 0.39791875 0.44926875 0.3916265625 0.4319104166666667 0.377090625 0.42728125 0.36211875 0.43538125
3 0.46626406249999997 0.5693229166666666 0.5031484374999999 0.5461791666666667 0.46713125 0.43711666666666665 0.42894531249999995 0.4611291666666667 0.46626406249999997 0.5693229166666666
1 0.510959375 0.5450229166666667 0.5491453125 0.52014375 0.529184375 0.4709645833333333 0.49208281249999997 0.49439791666666666 0.510959375 0.5450229166666667
13 0.47385781250000003 0.45331875 0.5148640624999999 0.47617291666666667 0.529184375 0.42120625 0.48969687500000003 0.39922083333333336 0.47385781250000003 0.45331875
9 0.5189874999999999 0.462575 0.562596875 0.48456041666666666 0.5769171875 0.4322 0.535259375 0.41368541666666664 0.5189874999999999 0.462575
10 0.3859859375 0.6106916666666666 0.43068125 0.6141625000000001 0.43740625 0.49295000000000005 0.39206093750000004 0.4912145833333333 0.3859859375 0.6106916666666666
6 0.45563281250000004 0.6462749999999999 0.4886109375 0.6856187499999999 0.5825578124999999 0.55659375 0.5517484375 0.51811875 0.45563281250000004 0.6462749999999999
8 0.51811875 0.64743125 0.5565218749999999 0.6974791666666668 0.5860296875000001 0.6572666666666667 0.54784375 0.6066416666666666 0.51811875 0.64743125
5 0.6088109375 0.40761041666666664 0.6535062500000001 0.4142645833333333 0.6593656250000001 0.3549583333333333 0.612934375 0.3477270833333333 0.6088109375 0.40761041666666664
11 0.5328734374999999 0.3905416666666667 0.58125625 0.40992500000000004 0.5899359375000001 0.3488833333333333 0.5419859375 0.33008125 0.5328734374999999 0.3905416666666667
11 0.47515937499999994 0.38678125 0.5320046875 0.3911208333333333 0.5372125 0.32805625000000005 0.4810171875 0.3297916666666667 0.47515937499999994 0.38678125