11 0.7076781249999999 0.5364125000000001 0.7259828125000001 0.49385833333333334 0.7266874999999999 0.44692291666666667 0.6811609375 0.4309645833333333 0.6666109375 0.51795 0.7076781249999999 0.5364125000000001
6 0.6933640624999999 0.7025604166666667 0.7158921874999999 0.65625 0.60325 0.55143125 0.581190625 0.5980520833333334 0.6933640624999999 0.7025604166666667
3 0.64009375 0.7313458333333334 0.6644984375 0.6866020833333334 0.591515625 0.6130708333333333 0.566171875 0.6581291666666667 0.64009375 0.7313458333333334
2 0.674825 0.3330291666666667 0.6546421875 0.2823395833333333 0.5330828125 0.36744791666666665 0.5532640625 0.41719791666666667 0.674825 0.3330291666666667
14 0.66496875 0.40968958333333333 0.645490625 0.3593125 0.5229921875 0.44410625 0.5452859375 0.49542291666666666 0.66496875 0.40968958333333333
5 0.5408265625 0.6093166666666666 0.5624171875 0.5542458333333333 0.52486875 0.5260854166666666 0.5018703125 0.5736458333333334 0.5408265625 0.6093166666666666
13 0.56429375 0.66125625 0.5513874999999999 0.6027458333333333 0.50938125 0.6187041666666667 0.5234609375 0.6787791666666667 0.56429375 0.66125625
1 0.4889640625 0.7163270833333333 0.516890625 0.6662645833333334 0.48497500000000004 0.63121875 0.455640625 0.68034375 0.4889640625 0.7163270833333333
8 0.485678125 0.55205625 0.5328484375 0.5138833333333334 0.5110234375 0.46444583333333334 0.46361875 0.50261875 0.485678125 0.55205625
11 0.507503125 0.4071854166666667 0.5084421875 0.3477354166666667 0.43146874999999996 0.34648333333333337 0.4328765625 0.4074979166666666 0.507503125 0.4071854166666667
7 0.5084421875 0.3417895833333333 0.507971875 0.28703333333333336 0.41809375 0.2873458333333333 0.4173890625 0.34491875 0.5084421875 0.3417895833333333
12 0.4474265625 0.4250208333333333 0.43334687499999996 0.4272104166666667 0.423490625 0.42658541666666666 0.414103125 0.4146958333333333 0.40800156249999997 0.40405625 0.404246875 0.3896625 0.40354375 0.37370624999999996 0.4072984375 0.36431874999999997 0.39697187500000003 0.35430625 0.3756171875 0.40499583333333333 0.455171875 0.4663229166666667 0.4760578125 0.41845 0.46737343750000004 0.4071854166666667 0.4622109375 0.4103145833333333 0.45610937500000004 0.4187625 0.4474265625 0.4250208333333333
9 0.3657609375 0.43221666666666664 0.3807796875 0.3793375 0.34229375 0.35524374999999997 0.3237546875 0.40656041666666665 0.3657609375 0.43221666666666664
10 0.46385468750000003 0.6140104166666667 0.47488437499999997 0.5545604166666667 0.391575 0.5192020833333334 0.377025 0.5795916666666667 0.46385468750000003 0.6140104166666667
4 0.35989375 0.59179375 0.3486296875 0.5927333333333333 0.3385390625 0.5986770833333334 0.3305609375 0.61150625 0.327275 0.6265250000000001 0.3324375 0.6453000000000001 0.33947812499999996 0.6537479166666667 0.35473125 0.6553125000000001 0.36364843750000003 0.65093125 0.373975 0.6421708333333334 0.3777296875 0.615575 0.376790625 0.61088125 0.36834218750000003 0.5986770833333334 0.35989375 0.59179375