6 0.3140625 0.4714291666666667 0.35 0.4714291666666667 0.3546875 0.46517916666666664 0.3515625 0.2860125 0.3078125 0.28184583333333335 0.309375 0.46517916666666664 0.3140625 0.4714291666666667
4 0.415625 0.25416666666666665 0.425 0.2625 0.4421875 0.2604166666666667 0.4546875 0.23958333333333334 0.45 0.19791666666666666 0.4359375 0.18333333333333332 0.421875 0.18333333333333332 0.4078125 0.19791666666666666 0.4046875 0.22291666666666668 0.415625 0.25416666666666665
14 0.4734375 0.3104166666666667 0.5453125 0.18125 0.55 0.16041666666666668 0.5203125 0.13125 0.5125 0.13333333333333333 0.44375 0.2604166666666667 0.4375 0.28125 0.4734375 0.3104166666666667
13 0.4828125 0.4895833333333333 0.503125 0.4395833333333333 0.465625 0.4125 0.446875 0.45208333333333334 0.4484375 0.46875 0.4828125 0.4895833333333333
8 0.440625 0.4666666666666667 0.4640625 0.39166666666666666 0.4234375 0.36666666666666664 0.4 0.43125 0.4 0.4479166666666667 0.440625 0.4666666666666667
2 0.5350453125 0.475 0.5475453124999999 0.47291666666666665 0.5709828124999999 0.4479166666666667 0.5678578125 0.43125 0.4881703125 0.3 0.46160781249999994 0.325 0.45535781249999996 0.3416666666666667 0.5350453125 0.475
3 0.509375 0.30416666666666664 0.5390625 0.325 0.5484375 0.31875 0.584375 0.21666666666666667 0.5796875 0.20416666666666666 0.5484375 0.18541666666666667 0.5453125 0.18541666666666667 0.50625 0.29375 0.509375 0.30416666666666664
10 0.5796875 0.4 0.615625 0.4 0.6234375 0.39166666666666666 0.615625 0.27291666666666664 0.6046875 0.27291666666666664 0.5734375 0.2791666666666667 0.5796875 0.4
9 0.581696875 0.5092270833333333 0.623884375 0.4863104166666667 0.609821875 0.43214375 0.602009375 0.43214375 0.567634375 0.45297708333333336 0.581696875 0.5092270833333333
7 0.5265625 0.56875 0.5765625 0.5958333333333333 0.5890625 0.6104166666666667 0.6078125 0.6145833333333334 0.6234375 0.5770833333333333 0.625 0.5604166666666667 0.5484375 0.5145833333333333 0.54375 0.5145833333333333 0.5359375 0.5270833333333333 0.5265625 0.56875
5 0.4984375 0.5479166666666667 0.51875 0.5375 0.5359375 0.51875 0.5328125 0.5020833333333333 0.5140625 0.4666666666666667 0.5125 0.4666666666666667 0.478125 0.49583333333333335 0.4984375 0.5479166666666667
1 0.459375 0.5770833333333333 0.4671875 0.5770833333333333 0.4984375 0.5479166666666667 0.478125 0.5020833333333333 0.4703125 0.5020833333333333 0.4390625 0.5291666666666667 0.459375 0.5770833333333333
11 0.565625 0.6625 0.58125 0.60625 0.575 0.5979166666666667 0.5390625 0.5854166666666667 0.5375 0.5854166666666667 0.525 0.65 0.565625 0.6625
11 0.4734375 0.65625 0.51875 0.64375 0.50625 0.56875 0.4984375 0.56875 0.465625 0.58125 0.4734375 0.65625