4 0.51818125 0.12636041666666667 0.5105375000000001 0.13553125000000002 0.5070984375 0.1452125 0.506334375 0.16279166666666667 0.5122578125 0.17247291666666667 0.5206640625000001 0.18164375 0.5367140625 0.18138958333333333 0.54665 0.17451041666666667 0.5525734375 0.15693125 0.5533375 0.13833541666666666 0.546840625 0.12712500000000002 0.5393890625 0.12075625 0.5300265625 0.11999166666666666 0.51818125 0.12636041666666667
3 0.3699109375 0.2815083333333333 0.40468593750000004 0.31080625 0.453790625 0.21017708333333335 0.4174875 0.18036875 0.3699109375 0.2815083333333333
12 0.4276140625 0.27386666666666665 0.4986921875 0.3553895833333333 0.526396875 0.30673125 0.455128125 0.22851875 0.4276140625 0.27386666666666665
13 0.4300984375 0.38570625000000003 0.47480781250000004 0.3829041666666667 0.472896875 0.3245645833333333 0.42933281250000005 0.3271104166666667 0.4300984375 0.38570625000000003
1 0.3779359375 0.3846875 0.42188125000000004 0.39105625 0.4239828125 0.33220625 0.38213906249999996 0.3286395833333334 0.3779359375 0.3846875
8 0.3827125 0.41933333333333334 0.361121875 0.48837499999999995 0.40029062499999996 0.5082458333333333 0.4211171875 0.4397145833333333 0.382903125 0.4195895833333333 0.3827125 0.41933333333333334
5 0.42685000000000006 0.47767499999999996 0.474234375 0.4771645833333333 0.4730890625 0.4180604166666667 0.42799531249999995 0.4183145833333333 0.42685000000000006 0.47767499999999996
10 0.6335875 0.381375 0.671609375 0.34494375 0.6186828125 0.24813541666666666 0.5818078125 0.2886416666666667 0.6335875 0.381375
14 0.50480625 0.36507083333333334 0.6091296875000001 0.47741875 0.6362625000000001 0.434875 0.5307921875 0.31997708333333336 0.50480625 0.36507083333333334
11 0.481878125 0.4797125 0.502321875 0.5319375000000001 0.570725 0.4871 0.5512359375 0.43589375 0.481878125 0.4797125
9 0.574928125 0.5283708333333333 0.6127609374999999 0.5571583333333333 0.6333953125 0.5100291666666666 0.5970921875 0.48098541666666667 0.574928125 0.5283708333333333
11 0.488565625 0.624925 0.5336578125 0.6264541666666666 0.5349953125 0.53525 0.49047656249999994 0.533975 0.488565625 0.624925
6 0.3806109375 0.7194416666666666 0.4211171875 0.7410958333333333 0.4757640625 0.5744833333333333 0.43755 0.5515541666666667 0.3806109375 0.7194416666666666
2 0.54225625 0.7000791666666667 0.671609375 0.6458145833333333 0.6601453125 0.5935895833333333 0.5311734375 0.6445416666666667 0.54225625 0.7000791666666667
7 0.5646109375 0.7571458333333333 0.6509750000000001 0.72020625 0.6372171875 0.6667062500000001 0.554484375 0.7021166666666667 0.5646109375 0.7571458333333333