1 0.475 0.49583333333333335 0.4546875 0.44583333333333336 0.45 0.44583333333333336 0.4171875 0.47291666666666665 0.4359375 0.525 0.45 0.5208333333333334 0.475 0.49583333333333335
8 0.3671875 0.34791666666666665 0.3625 0.34791666666666665 0.3296875 0.375 0.35625 0.4395833333333333 0.3953125 0.41041666666666665 0.3671875 0.34791666666666665
3 0.68125 0.49583333333333335 0.6625 0.37916666666666665 0.659375 0.37916666666666665 0.6203125 0.39375 0.640625 0.5125 0.6640625 0.5083333333333333 0.68125 0.49583333333333335
2 0.6078125 0.5916666666666667 0.634375 0.5875 0.6484375 0.575 0.61875 0.4041666666666667 0.6140625 0.4041666666666667 0.578125 0.4166666666666667 0.5890625 0.5041666666666667 0.603125 0.5854166666666667 0.6078125 0.5916666666666667
5 0.515625 0.4666666666666667 0.5203125 0.4583333333333333 0.50625 0.40208333333333335 0.5015625 0.40208333333333335 0.465625 0.42083333333333334 0.46875 0.4479166666666667 0.48125 0.4791666666666667 0.515625 0.4666666666666667
6 0.428125 0.4583333333333333 0.4515625 0.44166666666666665 0.4578125 0.425 0.3875 0.2791666666666667 0.38125 0.2791666666666667 0.3515625 0.30625 0.353125 0.31875 0.421875 0.4583333333333333 0.428125 0.4583333333333333
7 0.5640625 0.775 0.590625 0.73125 0.5234375 0.6541666666666667 0.5203125 0.6541666666666667 0.496875 0.6895833333333333 0.4953125 0.7020833333333333 0.5515625 0.76875 0.5640625 0.775
11 0.509375 0.5895833333333333 0.5046875 0.54375 0.4984375 0.5270833333333333 0.49375 0.5270833333333333 0.446875 0.54375 0.45625 0.6 0.46875 0.6020833333333333 0.509375 0.5895833333333333
11 0.4625 0.6291666666666667 0.4578125 0.6291666666666667 0.415625 0.6416666666666667 0.425 0.6979166666666666 0.471875 0.6916666666666667 0.4625 0.6291666666666667
9 0.590625 0.6354166666666666 0.5546875 0.6104166666666667 0.55 0.6104166666666667 0.53125 0.6625 0.5515625 0.6833333333333333 0.5703125 0.6895833333333333 0.590625 0.6354166666666666
10 0.596875 0.5791666666666667 0.6 0.5583333333333333 0.590625 0.5166666666666667 0.5859375 0.5166666666666667 0.50625 0.5395833333333333 0.5125 0.59375 0.534375 0.5958333333333333 0.596875 0.5791666666666667
4 0.459375 0.3875 0.475 0.36666666666666664 0.4765625 0.34791666666666665 0.471875 0.3333333333333333 0.4578125 0.31666666666666665 0.446875 0.31666666666666665 0.43125 0.33125 0.4265625 0.3541666666666667 0.4421875 0.38333333333333336 0.459375 0.3875
13 0.56875 0.5041666666666667 0.58125 0.49583333333333335 0.578125 0.44166666666666665 0.56875 0.44166666666666665 0.5359375 0.44583333333333336 0.5359375 0.5 0.540625 0.50625 0.56875 0.5041666666666667
15 0.402678125 0.5583333333333333 0.433928125 0.5395833333333333 0.437053125 0.5291666666666667 0.397990625 0.425 0.394865625 0.425 0.360490625 0.44583333333333336 0.358928125 0.45208333333333334 0.393303125 0.5520833333333334 0.402678125 0.5583333333333333
14 0.4734375 0.3333333333333333 0.4875 0.3729166666666667 0.4921875 0.38125 0.5 0.38125 0.5296875 0.35625 0.5296875 0.34791666666666665 0.459375 0.19791666666666666 0.45625 0.19791666666666666 0.4265625 0.22291666666666668 0.4234375 0.2375 0.4625 0.32083333333333336 0.4734375 0.3333333333333333