3 0.290625 0.6645833333333333 0.3171875 0.70625 0.321875 0.70625 0.3859375 0.63125 0.3875 0.61875 0.365625 0.5875 0.3546875 0.5854166666666667 0.2890625 0.6625 0.290625 0.6645833333333333
1 0.396875 0.5166666666666667 0.4140625 0.5625 0.425 0.5604166666666667 0.4546875 0.5375 0.44375 0.5 0.434375 0.4875 0.396875 0.5145833333333333 0.396875 0.5166666666666667
2 0.290625 0.48541666666666666 0.2984375 0.525 0.30625 0.5333333333333333 0.4015625 0.5020833333333333 0.43125 0.48541666666666666 0.4328125 0.46875 0.425 0.43333333333333335 0.4140625 0.43125 0.290625 0.47708333333333336 0.290625 0.48541666666666666
5 0.3421875 0.5333333333333333 0.35625 0.5833333333333334 0.36875 0.5833333333333334 0.3953125 0.56875 0.40625 0.5541666666666667 0.3921875 0.5083333333333333 0.365625 0.5125 0.346875 0.5208333333333334 0.3421875 0.5291666666666667 0.3421875 0.5333333333333333
4 0.5671875 0.45 0.578125 0.4708333333333333 0.596875 0.475 0.6140625 0.46041666666666664 0.6171875 0.43125 0.603125 0.4125 0.5859375 0.41041666666666665 0.5734375 0.42083333333333334 0.5671875 0.44166666666666665 0.5671875 0.45
6 0.5078125 0.5791666666666667 0.5796875 0.73125 0.615625 0.7020833333333333 0.615625 0.6895833333333333 0.5453125 0.5458333333333333 0.5078125 0.575 0.5078125 0.5791666666666667
7 0.5546875 0.49583333333333335 0.5734375 0.6 0.5828125 0.6041666666666666 0.6140625 0.59375 0.6171875 0.56875 0.6015625 0.4791666666666667 0.5828125 0.47708333333333336 0.5546875 0.4875 0.5546875 0.49583333333333335
8 0.35 0.43125 0.4078125 0.43125 0.409375 0.3770833333333333 0.353125 0.3729166666666667 0.35 0.4204166666666667 0.35 0.43125
13 0.4875 0.5083333333333333 0.5234375 0.5375 0.5453125 0.4979166666666667 0.5453125 0.4875 0.509375 0.46041666666666664 0.4875 0.5020833333333333 0.4875 0.5083333333333333
14 0.61875 0.58125 0.653125 0.6083333333333333 0.6578125 0.60625 0.71875 0.45625 0.71875 0.44375 0.6890625 0.425 0.6796875 0.425 0.6171875 0.5791666666666667 0.61875 0.58125
15 0.4265625 0.4270833333333333 0.515625 0.45416666666666666 0.528125 0.40208333333333335 0.5234375 0.39375 0.4359375 0.36875 0.4265625 0.41875 0.4265625 0.4270833333333333
11 0.434375 0.48541666666666666 0.4640625 0.5208333333333334 0.4703125 0.5208333333333334 0.4890625 0.49583333333333335 0.503125 0.4625 0.4875 0.44583333333333336 0.4625 0.4395833333333333 0.434375 0.4791666666666667 0.434375 0.48541666666666666
11 0.615625 0.4625 0.653125 0.48333333333333334 0.6796875 0.42291666666666666 0.6375 0.3958333333333333 0.6203125 0.43333333333333335 0.615625 0.45625 0.615625 0.4625
9 0.446875 0.6479166666666667 0.4859375 0.6708333333333333 0.50625 0.6208333333333333 0.4953125 0.60625 0.4671875 0.59375 0.446875 0.6416666666666667 0.446875 0.6479166666666667
10 0.4109375 0.33125 0.5 0.3416666666666667 0.50625 0.33125 0.509375 0.2875 0.503125 0.2791666666666667 0.4140625 0.27291666666666664 0.4109375 0.31666666666666665 0.4109375 0.33125