12 0.35325 0.5765208333333334 0.3198375 0.46861458333333333 0.30313124999999996 0.46919374999999997 0.2675484375 0.4888645833333333 0.30378125 0.6051604166666666 0.35325 0.5765208333333334
7 0.45912968750000005 0.3769104166666667 0.4341796875 0.32917708333333334 0.36062656249999997 0.40439166666666665 0.38427656250000003 0.44981041666666666 0.45912968750000005 0.3769104166666667
4 0.4619515625 0.36389166666666667 0.47735625 0.3636020833333333 0.49080781250000005 0.3476916666666667 0.49189218749999997 0.32512708333333334 0.4847328125 0.3092166666666667 0.4728 0.30227291666666667 0.4604328125 0.30574375000000004 0.4515359375 0.3161583333333333 0.44546093750000004 0.3361208333333333 0.4489328125 0.35550208333333333 0.4619515625 0.36389166666666667
3 0.534634375 0.5041979166666667 0.5519921875 0.45501874999999997 0.470846875 0.4052604166666667 0.45283749999999995 0.456175 0.534634375 0.5041979166666667
1 0.5151078124999999 0.5655270833333332 0.5337671875 0.5146125 0.49579843749999997 0.48944375 0.47822343749999996 0.5389125 0.5151078124999999 0.5655270833333332
13 0.48212968749999996 0.51981875 0.46498906250000005 0.46514375 0.42441562499999996 0.4862625 0.44090468749999995 0.5389125 0.48212968749999996 0.51981875
9 0.4884203125 0.5834625 0.47193125 0.5253166666666667 0.43526406250000005 0.5470124999999999 0.44915000000000005 0.6025562499999999 0.4884203125 0.5834625
10 0.585621875 0.40757499999999997 0.58301875 0.34798125 0.49341093750000004 0.35608125 0.4947125 0.41654166666666664 0.585621875 0.40757499999999997
6 0.6392140625 0.4848145833333334 0.60970625 0.44084375 0.5135890625 0.5689979166666668 0.5424453125 0.6100770833333333 0.6392140625 0.4848145833333334
8 0.648109375 0.5753625 0.6105734375 0.5241583333333334 0.57998125 0.5637916666666667 0.61795 0.61470625 0.648109375 0.5753625
5 0.4356984375 0.704675 0.4307078125 0.64508125 0.3857953125 0.6505791666666667 0.39121875 0.7124875 0.4356984375 0.704675
11 0.43244375 0.6083416666666667 0.41790625 0.54383125 0.37256093749999997 0.55598125 0.3866625 0.6199145833333334 0.43244375 0.6083416666666667
11 0.418340625 0.5426729166666667 0.41508593749999995 0.4668791666666667 0.37234375000000003 0.47468958333333333 0.3710421875 0.5496166666666666 0.418340625 0.5426729166666667