14 0.615625 0.6208333333333333 0.5953125 0.5770833333333333 0.590625 0.5770833333333333 0.48125 0.675 0.48125 0.6833333333333333 0.50625 0.725 0.6171875 0.6229166666666667 0.615625 0.6208333333333333
13 0.515625 0.5666666666666667 0.4921875 0.5229166666666667 0.4546875 0.55625 0.4765625 0.6041666666666666 0.515625 0.5708333333333333 0.515625 0.5666666666666667
15 0.421875 0.4666666666666667 0.3796875 0.45 0.35 0.5625 0.3921875 0.5833333333333334 0.421875 0.47708333333333336 0.421875 0.4666666666666667
4 0.50625 0.46041666666666664 0.4984375 0.44375 0.478125 0.4375 0.4609375 0.45208333333333334 0.4578125 0.48125 0.4703125 0.5 0.4875 0.5020833333333333 0.5015625 0.49166666666666664 0.50625 0.4708333333333333 0.50625 0.46041666666666664
8 0.7078125 0.4395833333333333 0.6984375 0.39375 0.6515625 0.4041666666666667 0.640625 0.4125 0.65 0.4666666666666667 0.7078125 0.45208333333333334 0.7078125 0.4395833333333333
3 0.6265625 0.35625 0.5578125 0.28541666666666665 0.5484375 0.2916666666666667 0.528125 0.33125 0.5609375 0.37083333333333335 0.596875 0.40208333333333335 0.6046875 0.39791666666666664 0.6265625 0.35833333333333334 0.6265625 0.35625
2 0.575 0.39166666666666666 0.4765625 0.27291666666666664 0.471875 0.27291666666666664 0.446875 0.3104166666666667 0.45 0.3229166666666667 0.5421875 0.4354166666666667 0.546875 0.4354166666666667 0.575 0.39375 0.575 0.39166666666666666
9 0.5859375 0.4979166666666667 0.5671875 0.45625 0.5546875 0.46041666666666664 0.5265625 0.4875 0.55 0.5354166666666667 0.5859375 0.50625 0.5859375 0.4979166666666667
11 0.4078125 0.33125 0.3625 0.33125 0.3578125 0.375 0.3640625 0.42083333333333334 0.4078125 0.41875 0.4078125 0.3421875 0.4078125 0.33125
11 0.646875 0.4625 0.634375 0.4375 0.6078125 0.4270833333333333 0.5828125 0.51875 0.625 0.5395833333333333 0.6421875 0.5 0.646875 0.475 0.646875 0.4625
5 0.703125 0.35208333333333336 0.671875 0.3125 0.634375 0.36041666666666666 0.65625 0.39791666666666664 0.6640625 0.4 0.678125 0.39166666666666666 0.703125 0.36041666666666666 0.703125 0.35208333333333336
7 0.371875 0.4625 0.365625 0.45625 0.3578125 0.4583333333333333 0.2953125 0.53125 0.2953125 0.5395833333333333 0.3171875 0.5729166666666666 0.3265625 0.575 0.35 0.5479166666666667 0.371875 0.475 0.371875 0.4625
6 0.615625 0.61875 0.5765625 0.5375 0.565625 0.5291666666666667 0.4875 0.6020833333333333 0.4625 0.61875 0.4578125 0.6354166666666666 0.496875 0.7166666666666667 0.5078125 0.725 0.615625 0.625 0.615625 0.61875
1 0.4796875 0.5166666666666667 0.453125 0.4791666666666667 0.4453125 0.4791666666666667 0.4203125 0.5125 0.421875 0.525 0.446875 0.55625 0.453125 0.55625 0.4796875 0.525 0.4796875 0.5166666666666667
10 0.3625 0.6458333333333334 0.3578125 0.5979166666666667 0.3140625 0.6020833333333333 0.3171875 0.7229166666666667 0.3625 0.71875 0.3625 0.65625 0.3625 0.6458333333333334