4 0.4453125 0.46875 0.4484375 0.49166666666666664 0.4640625 0.50625 0.4828125 0.5020833333333333 0.49375 0.47708333333333336 0.490625 0.45625 0.4734375 0.4395833333333333 0.465625 0.4395833333333333 0.453125 0.4479166666666667 0.4453125 0.46875
1 0.50625 0.49583333333333335 0.515625 0.49583333333333335 0.5453125 0.475 0.534375 0.4354166666666667 0.525 0.42083333333333334 0.5234375 0.42083333333333334 0.4890625 0.44375 0.50625 0.49583333333333335
2 0.3921875 0.6458333333333334 0.421875 0.6458333333333334 0.434375 0.6375 0.4234375 0.4583333333333333 0.415625 0.4583333333333333 0.3796875 0.46458333333333335 0.3921875 0.6458333333333334
3 0.4375 0.6125 0.4640625 0.70625 0.5046875 0.6875 0.4796875 0.5833333333333334 0.4734375 0.5770833333333333 0.4671875 0.5770833333333333 0.4359375 0.5895833333333333 0.4375 0.6125
8 0.5140625 0.6770833333333334 0.528125 0.6854166666666667 0.56875 0.6854166666666667 0.575 0.6270833333333333 0.534375 0.61875 0.52578125 0.61875 0.5171875 0.61875 0.5140625 0.6770833333333334
5 0.575 0.6833333333333333 0.58125 0.69375 0.6234375 0.6916666666666667 0.625 0.6333333333333333 0.609375 0.6270833333333333 0.6015625 0.6270833333333333 0.5765625 0.6291666666666667 0.575 0.6833333333333333
6 0.5296875 0.3875 0.609375 0.5083333333333333 0.6234375 0.5145833333333333 0.65 0.48333333333333334 0.6515625 0.475 0.565625 0.34375 0.559375 0.34375 0.5296875 0.37916666666666665 0.5296875 0.3875
7 0.3328125 0.4583333333333333 0.3375 0.46458333333333335 0.3484375 0.46458333333333335 0.3921875 0.45416666666666666 0.421875 0.45416666666666666 0.425 0.4270833333333333 0.4203125 0.39166666666666666 0.4109375 0.39166666666666666 0.33125 0.40208333333333335 0.3328125 0.4583333333333333
14 0.51875 0.26875 0.5921875 0.3854166666666667 0.60625 0.4 0.6328125 0.3729166666666667 0.6375 0.36041666666666666 0.553125 0.225 0.5484375 0.225 0.51875 0.25833333333333336 0.51875 0.26875
15 0.4859375 0.36666666666666664 0.5203125 0.35833333333333334 0.528125 0.35 0.5015625 0.22916666666666666 0.4984375 0.22916666666666666 0.4609375 0.24375 0.4859375 0.36666666666666664
13 0.5359375 0.55625 0.5734375 0.53125 0.55625 0.4791666666666667 0.5546875 0.47708333333333336 0.515625 0.5 0.5359375 0.55625
11 0.4359375 0.5625 0.475 0.575 0.509375 0.5729166666666666 0.5125 0.5166666666666667 0.44375 0.5041666666666667 0.4421875 0.5020833333333333 0.4359375 0.5291666666666667 0.4359375 0.5625
9 0.490625 0.4395833333333333 0.4953125 0.43333333333333335 0.5015625 0.38125 0.471875 0.36875 0.4578125 0.36875 0.4515625 0.42916666666666664 0.490625 0.4395833333333333
10 0.36875 0.26458333333333334 0.415625 0.3541666666666667 0.4234375 0.36041666666666666 0.4515625 0.33541666666666664 0.4546875 0.32083333333333336 0.4046875 0.22708333333333333 0.4 0.22708333333333333 0.371875 0.25416666666666665 0.36875 0.26458333333333334
11 0.4859375 0.7854166666666667 0.51875 0.7958333333333333 0.55 0.7895833333333333 0.553125 0.73125 0.490625 0.7208333333333333 0.4890625 0.7208333333333333 0.4828125 0.7645833333333333 0.4859375 0.7854166666666667