3 0.38125 0.5375 0.384375 0.54375 0.425 0.5479166666666667 0.4328125 0.46875 0.4046875 0.46041666666666664 0.396875 0.46041666666666664 0.3875 0.4625 0.38125 0.5375
1 0.5734375 0.625 0.6125 0.6166666666666667 0.6078125 0.5583333333333333 0.60625 0.55625 0.565625 0.5666666666666667 0.5734375 0.625
2 0.4828125 0.6625 0.525 0.6520833333333333 0.5015625 0.47291666666666665 0.49375 0.47291666666666665 0.459375 0.48125 0.4828125 0.6625
3 0.4 0.41875 0.425 0.4395833333333333 0.4296875 0.4375 0.4515625 0.4 0.4515625 0.39166666666666666 0.38125 0.3229166666666667 0.3796875 0.32083333333333336 0.353125 0.36875 0.4 0.41875
9 0.4234375 0.24375 0.43125 0.26458333333333334 0.4578125 0.2875 0.4796875 0.25625 0.484375 0.23958333333333334 0.4828125 0.23125 0.4546875 0.19791666666666666 0.45 0.19791666666666666 0.425 0.23333333333333334 0.4234375 0.24375
10 0.5015625 0.4166666666666667 0.54375 0.42916666666666664 0.5609375 0.3104166666666667 0.521875 0.29791666666666666 0.5203125 0.29583333333333334 0.5140625 0.30833333333333335 0.5015625 0.4166666666666667
11 0.5640625 0.5645833333333333 0.60625 0.5541666666666667 0.6 0.48541666666666666 0.5984375 0.48541666666666666 0.5578125 0.4979166666666667 0.5640625 0.5645833333333333
11 0.5296875 0.6604166666666667 0.5703125 0.65 0.5625 0.58125 0.5546875 0.58125 0.51875 0.5916666666666667 0.5296875 0.6604166666666667
5 0.515625 0.55 0.55625 0.5395833333333333 0.55625 0.49166666666666664 0.54375 0.4791666666666667 0.5421875 0.4791666666666667 0.50625 0.4895833333333333 0.515625 0.55
7 0.5328125 0.4708333333333333 0.559375 0.49166666666666664 0.5671875 0.4875 0.6140625 0.4 0.6140625 0.39166666666666666 0.58125 0.3645833333333333 0.5796875 0.3625 0.5296875 0.4583333333333333 0.5328125 0.4708333333333333
6 0.425 0.3645833333333333 0.4546875 0.39375 0.4640625 0.3875 0.5390625 0.25416666666666665 0.5375 0.24375 0.50625 0.21458333333333332 0.5046875 0.21458333333333332 0.4234375 0.35625 0.425 0.3645833333333333
13 0.4578125 0.4583333333333333 0.5015625 0.45416666666666666 0.5015625 0.41041666666666665 0.496875 0.39375 0.4890625 0.39375 0.453125 0.4 0.4578125 0.4583333333333333
14 0.6015625 0.47291666666666665 0.6140625 0.5854166666666667 0.6140625 0.6395833333333333 0.61875 0.65 0.659375 0.6416666666666667 0.6453125 0.4625 0.6375 0.4625 0.60625 0.4666666666666667 0.6015625 0.47291666666666665
4 0.5953125 0.33541666666666664 0.5953125 0.35208333333333336 0.6171875 0.37083333333333335 0.6296875 0.36666666666666664 0.646875 0.33958333333333335 0.6453125 0.3145833333333333 0.63125 0.29791666666666666 0.6234375 0.29791666666666666 0.609375 0.3020833333333333 0.5953125 0.33541666666666664