2 0.311384375 0.38958333333333334 0.341071875 0.4125 0.353571875 0.4083333333333333 0.389509375 0.30416666666666664 0.392634375 0.28125 0.406696875 0.25416666666666665 0.403571875 0.24166666666666667 0.370759375 0.22083333333333333 0.364509375 0.22083333333333333 0.309821875 0.37916666666666665 0.311384375 0.38958333333333334
6 0.51875 0.29583333333333334 0.51875 0.30416666666666664 0.5921875 0.4270833333333333 0.5984375 0.4354166666666667 0.609375 0.4354166666666667 0.625 0.42291666666666666 0.6359375 0.4 0.553125 0.2604166666666667 0.5515625 0.2604166666666667 0.528125 0.2833333333333333 0.51875 0.29583333333333334
11 0.4296875 0.24583333333333332 0.465625 0.31666666666666665 0.5015625 0.2875 0.4890625 0.25 0.4671875 0.21041666666666667 0.4625 0.21041666666666667 0.4296875 0.23958333333333334 0.4296875 0.24583333333333332
11 0.36875 0.5520833333333334 0.4171875 0.54375 0.4140625 0.49375 0.4046875 0.46875 0.403125 0.46875 0.365625 0.4791666666666667 0.36875 0.5520833333333334
14 0.390625 0.4 0.4265625 0.5395833333333333 0.434375 0.5625 0.4390625 0.5625 0.4703125 0.5479166666666667 0.4734375 0.5354166666666667 0.4328125 0.37083333333333335 0.425 0.37083333333333335 0.3921875 0.3875 0.390625 0.4
12 0.396875 0.28958333333333336 0.4421875 0.38333333333333336 0.4515625 0.3875 0.4640625 0.36875 0.4734375 0.3645833333333333 0.48125 0.34791666666666665 0.43125 0.25 0.4296875 0.25 0.4015625 0.275 0.396875 0.28958333333333336
13 0.4921875 0.37916666666666665 0.5015625 0.39791666666666664 0.540625 0.375 0.5328125 0.3333333333333333 0.525 0.31875 0.5203125 0.31875 0.484375 0.33958333333333335 0.4921875 0.37916666666666665
5 0.55625 0.46875 0.5921875 0.43125 0.5640625 0.38333333333333336 0.5578125 0.38333333333333336 0.5265625 0.42291666666666666 0.55625 0.46875
1 0.609375 0.5083333333333333 0.6484375 0.475 0.6265625 0.4270833333333333 0.6234375 0.4270833333333333 0.584375 0.4625 0.609375 0.5083333333333333
10 0.4859375 0.4583333333333333 0.5453125 0.5395833333333333 0.5703125 0.5125 0.575 0.5 0.5171875 0.41458333333333336 0.5140625 0.41458333333333336 0.4859375 0.45 0.4859375 0.4583333333333333
9 0.471875 0.6333333333333333 0.5 0.6708333333333333 0.5125 0.6625 0.5328125 0.6333333333333333 0.5046875 0.5875 0.5015625 0.5875 0.471875 0.625 0.471875 0.6333333333333333
7 0.371875 0.65 0.3765625 0.6979166666666666 0.4 0.7 0.4671875 0.6875 0.4640625 0.6270833333333333 0.45625 0.6270833333333333 0.375 0.6375 0.371875 0.65
4 0.53125 0.6666666666666666 0.546875 0.6854166666666667 0.5640625 0.6854166666666667 0.5765625 0.6708333333333333 0.5796875 0.6520833333333333 0.571875 0.6291666666666667 0.559375 0.61875 0.5453125 0.61875 0.5296875 0.64375 0.53125 0.6666666666666666
3 0.475 0.53125 0.5171875 0.6041666666666666 0.5328125 0.6208333333333333 0.5640625 0.5833333333333334 0.509375 0.49375 0.503125 0.49375 0.478125 0.5208333333333334 0.475 0.53125
8 0.56875 0.5729166666666666 0.615625 0.5770833333333333 0.6265625 0.5708333333333333 0.6265625 0.5166666666666667 0.609375 0.5104166666666666 0.60625 0.5104166666666666 0.56875 0.5166666666666667 0.56875 0.5729166666666666