14 0.221875 0.3625 0.225 0.4041666666666667 0.3625 0.4125 0.365625 0.35833333333333334 0.3609375 0.3541666666666667 0.225 0.3458333333333333 0.221875 0.36041666666666666 0.221875 0.3625
12 0.415625 0.66875 0.4375 0.7104166666666667 0.44375 0.7125 0.5125 0.64375 0.5140625 0.63125 0.4890625 0.5916666666666667 0.415625 0.6645833333333333 0.415625 0.66875
4 0.55625 0.4583333333333333 0.571875 0.48125 0.5921875 0.4791666666666667 0.6046875 0.46458333333333335 0.603125 0.4354166666666667 0.590625 0.41875 0.565625 0.42291666666666666 0.55625 0.44166666666666665 0.55625 0.4583333333333333
2 0.284375 0.6104166666666667 0.4171875 0.6583333333333333 0.4296875 0.6020833333333333 0.2984375 0.5541666666666667 0.284375 0.60625 0.284375 0.6104166666666667
1 0.4546875 0.55625 0.45625 0.5645833333333333 0.4953125 0.5708333333333333 0.503125 0.5541666666666667 0.50625 0.5166666666666667 0.4609375 0.50625 0.453125 0.5541666666666667 0.4546875 0.55625
3 0.5609375 0.64375 0.5765625 0.6979166666666666 0.6625 0.65625 0.6484375 0.6020833333333333 0.5609375 0.6416666666666667 0.5609375 0.64375
5 0.4953125 0.5791666666666667 0.5296875 0.6145833333333334 0.5578125 0.56875 0.553125 0.55625 0.5265625 0.53125 0.5140625 0.5416666666666666 0.4953125 0.575 0.4953125 0.5791666666666667
6 0.4046875 0.39375 0.4140625 0.44375 0.540625 0.41458333333333336 0.55 0.4 0.546875 0.3729166666666667 0.5390625 0.3541666666666667 0.4046875 0.38958333333333334 0.4046875 0.39375
7 0.5015625 0.45 0.5421875 0.5416666666666666 0.553125 0.5479166666666667 0.5796875 0.5229166666666667 0.5796875 0.5083333333333333 0.56875 0.49375 0.5390625 0.42083333333333334 0.528125 0.42083333333333334 0.5015625 0.44375 0.5015625 0.45
8 0.3953125 0.4583333333333333 0.4 0.46458333333333335 0.4015625 0.5083333333333333 0.4578125 0.49583333333333335 0.4515625 0.4395833333333333 0.3953125 0.45416666666666666 0.3953125 0.4583333333333333
9 0.4453125 0.29583333333333334 0.4703125 0.3416666666666667 0.50625 0.30833333333333335 0.49375 0.275 0.4796875 0.25833333333333336 0.4453125 0.2875 0.4453125 0.29583333333333334
10 0.5953125 0.42083333333333334 0.6046875 0.4375 0.609375 0.4708333333333333 0.690625 0.4375 0.696875 0.42916666666666664 0.690625 0.3958333333333333 0.68125 0.3770833333333333 0.5953125 0.4166666666666667 0.5953125 0.42083333333333334
11 0.45 0.50625 0.490625 0.5 0.496875 0.49375 0.4890625 0.4375 0.45625 0.44375 0.4609375 0.49375 0.45 0.5020833333333333 0.45 0.50625
11 0.3359375 0.5104166666666666 0.3796875 0.5208333333333334 0.3921875 0.5166666666666667 0.39375 0.4625 0.3421875 0.45416666666666666 0.3359375 0.5041666666666667 0.3359375 0.5104166666666666
13 0.559375 0.5666666666666667 0.571875 0.6104166666666667 0.615625 0.59375 0.603125 0.5395833333333333 0.559375 0.5541666666666667 0.559375 0.5666666666666667