5 0.35845781250000003 0.39253125 0.392521875 0.3977395833333333 0.39837968749999997 0.33322708333333334 0.35390156250000004 0.32657291666666666 0.3463078125 0.3899270833333333 0.35845781250000003 0.39253125
11 0.419859375 0.27536875 0.47431875 0.2759479166666667 0.4747515625 0.21490625 0.412265625 0.19928541666666666 0.4116140625 0.26032500000000003 0.419859375 0.27536875
10 0.42202812500000003 0.4758479166666667 0.42333125000000005 0.4133604166666667 0.327865625 0.40699583333333333 0.32461093750000003 0.4697729166666667 0.42202812500000003 0.4758479166666667
4 0.5161921875 0.38153750000000003 0.52595625 0.38674583333333334 0.538975 0.38443124999999995 0.5457 0.38009166666666666 0.5500390625 0.3708354166666667 0.55264375 0.35752708333333333 0.5498234375 0.33930208333333334 0.5424453125 0.3300458333333333 0.53203125 0.32541666666666663 0.5216171875 0.3283083333333333 0.515759375 0.33380625 0.5101171875 0.34335208333333334 0.506646875 0.35405625 0.51076875 0.37430625 0.5161921875 0.38153750000000003
12 0.49384531249999997 0.6060270833333333 0.5246546875 0.5658166666666666 0.460215625 0.47729375 0.4298390625 0.5163479166666667 0.49384531249999997 0.6060270833333333
7 0.4979671875 0.7813374999999999 0.465421875 0.6662 0.42593437500000003 0.6896333333333333 0.4582625 0.8036125 0.4979671875 0.7813374999999999
1 0.5190140624999999 0.7257937499999999 0.5376734375 0.6731437499999999 0.498184375 0.6482645833333333 0.48147812500000003 0.7000479166666668 0.5190140624999999 0.7257937499999999
9 0.5448328124999999 0.6722750000000001 0.56175625 0.6239645833333333 0.5235703125 0.5970604166666666 0.5062125 0.6505791666666667 0.5448328124999999 0.6722750000000001
3 0.6151296875 0.5308125 0.5949515625 0.47787291666666665 0.5194468750000001 0.5374666666666666 0.5378890625 0.58635625 0.6151296875 0.5308125
8 0.5600203125000001 0.5004375 0.5387578125 0.448075 0.4903734375 0.4862625 0.509684375 0.5354416666666667 0.5600203125000001 0.5004375
11 0.607103125 0.4431583333333334 0.5867078125 0.38327500000000003 0.5461343750000001 0.40410416666666665 0.563709375 0.46398541666666665 0.607103125 0.4431583333333334
13 0.689115625 0.5365979166666667 0.673928125 0.47787291666666665 0.6298843749999999 0.4949395833333333 0.645071875 0.55395625 0.689115625 0.5365979166666667