4 0.4390625 0.44166666666666665 0.4421875 0.4708333333333333 0.4609375 0.4875 0.478125 0.48125 0.4859375 0.46458333333333335 0.484375 0.4375 0.4703125 0.42083333333333334 0.4625 0.42083333333333334 0.45 0.42291666666666666 0.4390625 0.44166666666666665
1 0.41875 0.6166666666666667 0.425 0.6333333333333333 0.45625 0.6270833333333333 0.465625 0.6145833333333334 0.4609375 0.56875 0.4359375 0.5666666666666667 0.434375 0.5645833333333333 0.415625 0.5770833333333333 0.41875 0.6166666666666667
2 0.496875 0.2889875 0.5796875 0.4119041666666667 0.5875 0.4139875 0.615625 0.3806541666666667 0.615625 0.37440416666666665 0.5296875 0.24315416666666667 0.5265625 0.24315416666666667 0.496875 0.2764875 0.496875 0.2889875
3 0.6171875 0.37916666666666665 0.6265625 0.3854166666666667 0.65625 0.35208333333333336 0.6578125 0.33958333333333335 0.6 0.25625 0.5984375 0.25625 0.5671875 0.29791666666666666 0.6171875 0.37916666666666665
8 0.3484375 0.55625 0.390625 0.5395833333333333 0.3703125 0.46875 0.3671875 0.46875 0.3296875 0.49166666666666664 0.3484375 0.55625
5 0.4734375 0.5729166666666666 0.4875 0.6020833333333333 0.4953125 0.6020833333333333 0.528125 0.575 0.525 0.55625 0.509375 0.525 0.503125 0.525 0.46875 0.55 0.4734375 0.5729166666666666
6 0.353125 0.4166666666666667 0.3984375 0.5395833333333333 0.4109375 0.56875 0.4171875 0.5729166666666666 0.45 0.5520833333333334 0.4515625 0.54375 0.390625 0.3875 0.3875 0.3875 0.35625 0.4083333333333333 0.353125 0.4166666666666667
7 0.5890625 0.6979166666666666 0.603125 0.7020833333333333 0.6234375 0.65 0.55 0.59375 0.5453125 0.59375 0.525 0.6416666666666667 0.5890625 0.6979166666666666
13 0.5484375 0.5041666666666667 0.590625 0.4791666666666667 0.575 0.42916666666666664 0.56875 0.42916666666666664 0.534375 0.45208333333333334 0.5484375 0.5041666666666667
14 0.4328125 0.3875 0.4359375 0.39375 0.4734375 0.3958333333333333 0.478125 0.38958333333333334 0.4796875 0.21041666666666667 0.44375 0.20833333333333334 0.4421875 0.20625 0.4359375 0.21041666666666667 0.4328125 0.3875
15 0.3828125 0.675 0.4234375 0.65625 0.3953125 0.5416666666666666 0.390625 0.5416666666666666 0.3546875 0.5604166666666667 0.3828125 0.675
9 0.5671875 0.5958333333333333 0.5921875 0.6270833333333333 0.6015625 0.63125 0.6296875 0.5854166666666667 0.6 0.5479166666666667 0.596875 0.5479166666666667 0.5875 0.55625 0.5671875 0.5958333333333333
11 0.5375 0.725 0.55625 0.6708333333333333 0.5171875 0.6375 0.5109375 0.6375 0.49375 0.6895833333333333 0.5375 0.725
11 0.4421875 0.6416666666666667 0.4359375 0.68125 0.4859375 0.7083333333333334 0.496875 0.6708333333333333 0.4984375 0.6458333333333334 0.459375 0.6291666666666667 0.4546875 0.6291666666666667 0.4453125 0.6333333333333333 0.4421875 0.6416666666666667
10 0.5328125 0.5770833333333333 0.55 0.5729166666666666 0.615625 0.5333333333333333 0.6 0.48125 0.5953125 0.48125 0.5171875 0.525 0.5328125 0.5770833333333333