12 0.4078125 0.6875 0.4359375 0.69375 0.45 0.6895833333333333 0.4609375 0.5916666666666667 0.4609375 0.58125 0.459375 0.56875 0.415625 0.5645833333333333 0.4046875 0.6666666666666666 0.4078125 0.6875
14 0.6171875 0.6208333333333333 0.7546875 0.6208333333333333 0.7578125 0.6125 0.7578125 0.6104166666666667 0.75625 0.5645833333333333 0.7515625 0.5604166666666667 0.6171875 0.5645833333333333 0.6171875 0.6208333333333333
13 0.378125 0.5854166666666667 0.384375 0.5833333333333334 0.40625 0.5479166666666667 0.409375 0.54375 0.3765625 0.5020833333333333 0.346875 0.5458333333333333 0.353125 0.5604166666666667 0.378125 0.5854166666666667
4 0.484375 0.40625 0.4890625 0.42916666666666664 0.5015625 0.4395833333333333 0.525 0.4354166666666667 0.534375 0.4166666666666667 0.534375 0.39791666666666664 0.525 0.38125 0.5078125 0.375 0.496875 0.37916666666666665 0.484375 0.40625
6 0.4953125 0.375 0.51875 0.375 0.5328125 0.3854166666666667 0.6234375 0.41041666666666665 0.634375 0.35833333333333334 0.634375 0.35625 0.5015625 0.3125 0.4921875 0.3229166666666667 0.4875 0.3625 0.4953125 0.375
7 0.5 0.5041666666666667 0.5796875 0.4979166666666667 0.584375 0.4625 0.584375 0.44375 0.4953125 0.44375 0.4890625 0.46458333333333335 0.490625 0.49583333333333335 0.5 0.5041666666666667
10 0.46875 0.45208333333333334 0.4828125 0.4 0.4828125 0.39791666666666664 0.396875 0.35833333333333334 0.3890625 0.375 0.3828125 0.4125 0.46875 0.45208333333333334
9 0.615625 0.34375 0.63125 0.35 0.6578125 0.30416666666666664 0.6578125 0.29791666666666666 0.625 0.26666666666666666 0.6078125 0.28541666666666665 0.59375 0.3145833333333333 0.615625 0.34375
11 0.6421875 0.5083333333333333 0.6421875 0.5020833333333333 0.634375 0.45208333333333334 0.5875 0.46041666666666664 0.596875 0.5208333333333334 0.6421875 0.5083333333333333
11 0.6125 0.5875 0.615625 0.5625 0.615625 0.5506937500000001 0.615625 0.5270833333333333 0.553125 0.525 0.553125 0.58125 0.6125 0.5875
1 0.471875 0.5604166666666667 0.4890625 0.5708333333333333 0.5125 0.5291666666666667 0.5125 0.525 0.4859375 0.49583333333333335 0.475 0.49375 0.453125 0.5375 0.471875 0.5604166666666667
2 0.5984375 0.6333333333333333 0.5984375 0.6208333333333333 0.4640625 0.5833333333333334 0.45625 0.6375 0.5875 0.6791666666666667 0.5984375 0.6333333333333333
8 0.6 0.7166666666666667 0.609375 0.7229166666666667 0.6578125 0.7270833333333333 0.6625 0.69375 0.6625 0.68125 0.6625 0.66875 0.6578125 0.6645833333333333 0.60625 0.6604166666666667 0.6 0.7166666666666667
3 0.31875 0.6375 0.3984375 0.6541666666666667 0.40625 0.6479166666666667 0.4109375 0.6104166666666667 0.4109375 0.5979166666666667 0.403125 0.5916666666666667 0.321875 0.5770833333333333 0.3140625 0.63125 0.31875 0.6375
5 0.421875 0.5583333333333333 0.43125 0.5604166666666667 0.459375 0.51875 0.459375 0.5145833333333333 0.43125 0.4791666666666667 0.4234375 0.4791666666666667 0.3953125 0.5208333333333334 0.421875 0.5583333333333333