7 0.40700156249999997 0.6855416666666667 0.3497421875 0.5944041666666667 0.3178921875 0.6306666666666667 0.37658281250000003 0.72085 0.40700156249999997 0.6855416666666667
14 0.4041390625 0.5715 0.3096609375 0.44266666666666665 0.2792421875 0.48417916666666666 0.3719296875 0.6130125 0.4041390625 0.5715
10 0.41523281250000005 0.49849374999999996 0.3551109375 0.4083104166666667 0.325765625 0.44696041666666664 0.3830234375 0.53714375 0.41523281250000005 0.49849374999999996
9 0.44099843749999995 0.6459375 0.414875 0.6010833333333333 0.379803125 0.6344854166666667 0.40700156249999997 0.68076875 0.44099843749999995 0.6459375
5 0.37479375 0.35725416666666665 0.3608359375 0.3004729166666667 0.3139546875 0.31812708333333334 0.3275546875 0.3777729166666666 0.37479375 0.35725416666666665
11 0.4394390625 0.39102916666666665 0.43032031249999997 0.3231791666666667 0.3861984375 0.33729791666666664 0.3912 0.40632291666666664 0.4394390625 0.39102916666666665
11 0.4135546875 0.4808395833333333 0.45238125 0.46868125000000005 0.43855625 0.3953416666666667 0.3923765625 0.4082854166666667 0.4135546875 0.4808395833333333
12 0.48267812499999996 0.62634375 0.46355781250000005 0.5047645833333333 0.422378125 0.5153520833333334 0.4382625 0.6365395833333333 0.48267812499999996 0.62634375
1 0.49885624999999995 0.6706604166666666 0.469440625 0.63105 0.44061562500000007 0.6718375000000001 0.47061875000000003 0.7122333333333334 0.49885624999999995 0.6706604166666666
8 0.538565625 0.6557562499999999 0.5488593749999999 0.59928125 0.492384375 0.582025 0.4865015625 0.63379375 0.538565625 0.6557562499999999
4 0.5284609375 0.5489104166666666 0.5376265625000001 0.5515916666666667 0.5485781249999999 0.5477166666666666 0.5579671875 0.5381812499999999 0.5610968749999999 0.5194041666666667 0.5559546875 0.5006291666666667 0.54545 0.4913895833333333 0.5365078125 0.48811041666666666 0.526896875 0.4919854166666667 0.5215328125 0.4991375 0.5170625 0.5104624999999999 0.51415625 0.523875 0.5195203125 0.5429499999999999 0.5284609375 0.5489104166666666
3 0.5740609375 0.69911875 0.5935078125000001 0.5828854166666667 0.5526015625 0.5685791666666666 0.5523781249999999 0.56828125 0.532484375 0.6845145833333334 0.5740609375 0.69911875
13 0.6290484375000001 0.6857062500000001 0.6382125000000001 0.6231208333333333 0.5928375 0.6126895833333333 0.5830015625 0.6719979166666668 0.6290484375000001 0.6857062500000001