4 0.559375 0.5395833333333333 0.546875 0.5208333333333334 0.5265625 0.51875 0.5140625 0.5291666666666667 0.509375 0.5520833333333334 0.521875 0.5770833333333333 0.54375 0.58125 0.5578125 0.5666666666666667 0.559375 0.55 0.559375 0.5395833333333333
1 0.45 0.5854166666666667 0.4484375 0.5520833333333334 0.4140625 0.5458333333333333 0.4046875 0.5583333333333333 0.4 0.6 0.4125 0.6083333333333333 0.4421875 0.6125 0.4515625 0.5875 0.45 0.5854166666666667
2 0.692634375 0.46041666666666664 0.594196875 0.3458333333333333 0.589509375 0.3458333333333333 0.564509375 0.38333333333333336 0.566071875 0.39375 0.658259375 0.5041666666666667 0.667634375 0.5041666666666667 0.692634375 0.46458333333333335 0.692634375 0.46041666666666664
3 0.6828125 0.36666666666666664 0.6203125 0.28958333333333336 0.6109375 0.2916666666666667 0.5859375 0.33125 0.590625 0.34375 0.6515625 0.41041666666666665 0.6828125 0.36875 0.6828125 0.36666666666666664
8 0.5234375 0.6729166666666667 0.4703125 0.6458333333333334 0.4578125 0.7020833333333333 0.50625 0.7270833333333333 0.5234375 0.6770833333333334 0.5234375 0.6729166666666667
5 0.48125 0.4875 0.4578125 0.4666666666666667 0.44375 0.4625 0.4234375 0.50625 0.4234375 0.5166666666666667 0.4453125 0.5354166666666667 0.4625 0.5416666666666666 0.48125 0.49583333333333335 0.48125 0.4875
6 0.584375 0.6458333333333334 0.4671875 0.5645833333333333 0.4609375 0.5666666666666667 0.4453125 0.6104166666666667 0.4484375 0.61875 0.4703125 0.6354166666666666 0.5625 0.6958333333333333 0.56875 0.6916666666666667 0.584375 0.65 0.584375 0.6458333333333334
7 0.4296875 0.43333333333333335 0.3875 0.33541666666666664 0.3484375 0.3625 0.3515625 0.38125 0.39375 0.4666666666666667 0.4296875 0.4395833333333333 0.4296875 0.43333333333333335
13 0.553125 0.4 0.515625 0.37916666666666665 0.496875 0.4354166666666667 0.5359375 0.45416666666666666 0.553125 0.4083333333333333 0.553125 0.4
14 0.71875 0.575 0.7171875 0.5270833333333333 0.5828125 0.5291666666666667 0.578125 0.5354166666666667 0.5796875 0.5854166666666667 0.584375 0.5895833333333333 0.7171875 0.5854166666666667 0.7203125 0.5770833333333333 0.71875 0.575
15 0.46875 0.6395833333333333 0.3828125 0.6020833333333333 0.36875 0.65625 0.4546875 0.69375 0.46875 0.6458333333333334 0.46875 0.6395833333333333
9 0.4640625 0.36666666666666664 0.4359375 0.32708333333333334 0.4015625 0.3645833333333333 0.4046875 0.3770833333333333 0.428125 0.41041666666666665 0.4578125 0.38333333333333336 0.4640625 0.37083333333333335 0.4640625 0.36666666666666664
11 0.396875 0.47708333333333336 0.371875 0.425 0.33125 0.45 0.3578125 0.5083333333333333 0.396875 0.48541666666666666 0.396875 0.47708333333333336
11 0.403125 0.5541666666666667 0.390625 0.5020833333333333 0.371875 0.5041666666666667 0.34375 0.51875 0.3640625 0.5854166666666667 0.39375 0.5770833333333333 0.4 0.5729166666666666 0.403125 0.5604166666666667 0.403125 0.5541666666666667
10 0.5140625 0.36666666666666664 0.475 0.3458333333333333 0.4453125 0.43333333333333335 0.4421875 0.45625 0.48125 0.47708333333333336 0.5140625 0.3729166666666667 0.5140625 0.36666666666666664