3 0.446875 0.3875 0.4515625 0.36875 0.4515625 0.32916666666666666 0.4140625 0.3229166666666667 0.4046875 0.3229166666666667 0.390625 0.32916666666666666 0.3875 0.3770833333333333 0.39375 0.38333333333333336 0.446875 0.3875
4 0.48125 0.2604166666666667 0.5015625 0.25625 0.5125 0.23541666666666666 0.5125 0.19791666666666666 0.4953125 0.17916666666666667 0.484375 0.17916666666666667 0.4765625 0.18333333333333332 0.465625 0.20416666666666666 0.46875 0.24375 0.48125 0.2604166666666667
14 0.56875 0.37916666666666665 0.575 0.3625 0.58125 0.19791666666666666 0.578125 0.19166666666666668 0.5453125 0.1875 0.5421875 0.1875 0.5359375 0.19166666666666668 0.534375 0.20833333333333334 0.528125 0.37083333333333335 0.56875 0.37916666666666665
11 0.5125 0.33958333333333335 0.50625 0.33958333333333335 0.471875 0.35625 0.4921875 0.45 0.534375 0.43125 0.5125 0.33958333333333335
11 0.509375 0.45416666666666666 0.503125 0.45416666666666666 0.446875 0.48125 0.4625 0.5375 0.521875 0.5083333333333333 0.509375 0.45416666666666666
9 0.64375 0.5958333333333333 0.6296875 0.5416666666666666 0.625 0.5416666666666666 0.5890625 0.5604166666666667 0.6015625 0.6145833333333334 0.6234375 0.6104166666666667 0.64375 0.5958333333333333
10 0.659375 0.4083333333333333 0.6390625 0.35625 0.6359375 0.35625 0.559375 0.41041666666666665 0.559375 0.42083333333333334 0.5796875 0.46458333333333335 0.659375 0.4083333333333333
1 0.40625 0.5604166666666667 0.3984375 0.5041666666666667 0.3921875 0.5041666666666667 0.3578125 0.5145833333333333 0.3640625 0.56875 0.4015625 0.5666666666666667 0.40625 0.5604166666666667
3 0.340625 0.3958333333333333 0.3375 0.3958333333333333 0.3140625 0.5125 0.3546875 0.5291666666666667 0.38125 0.41458333333333336 0.340625 0.3958333333333333
2 0.5546875 0.6229166666666667 0.5640625 0.6229166666666667 0.5953125 0.60625 0.553125 0.4354166666666667 0.5515625 0.43333333333333335 0.5171875 0.45 0.5140625 0.46458333333333335 0.5515625 0.6166666666666667 0.5546875 0.6229166666666667
5 0.446875 0.4979166666666667 0.4375 0.4979166666666667 0.4046875 0.50625 0.4078125 0.5666666666666667 0.4546875 0.55625 0.446875 0.4979166666666667
6 0.4046875 0.63125 0.4171875 0.63125 0.53125 0.6104166666666667 0.5359375 0.60625 0.5359375 0.5666666666666667 0.5296875 0.5479166666666667 0.5265625 0.5479166666666667 0.4015625 0.5729166666666666 0.396875 0.5791666666666667 0.4 0.625 0.4046875 0.63125
7 0.634375 0.6666666666666666 0.6265625 0.6125 0.6203125 0.6125 0.5390625 0.63125 0.5453125 0.6875 0.5609375 0.6895833333333333 0.634375 0.6666666666666666
13 0.4765625 0.3958333333333333 0.46875 0.3958333333333333 0.434375 0.39791666666666664 0.4375 0.4583333333333333 0.4796875 0.45416666666666666 0.4765625 0.3958333333333333