1 0.6359375 0.40208333333333335 0.653125 0.40625 0.659375 0.40208333333333335 0.671875 0.3645833333333333 0.671875 0.35 0.634375 0.32916666666666666 0.625 0.33958333333333335 0.6125 0.3854166666666667 0.6359375 0.40208333333333335
3 0.41875 0.5770833333333333 0.440625 0.6208333333333333 0.5125 0.56875 0.5171875 0.5625 0.5015625 0.51875 0.49375 0.5125 0.421875 0.5645833333333333 0.41875 0.5770833333333333
2 0.3078125 0.42083333333333334 0.3234375 0.46041666666666664 0.33125 0.46458333333333335 0.4484375 0.3875 0.4484375 0.38125 0.434375 0.3416666666666667 0.4265625 0.3333333333333333 0.309375 0.4083333333333333 0.3078125 0.42083333333333334
4 0.534375 0.37083333333333335 0.5375 0.3958333333333333 0.55 0.4083333333333333 0.5671875 0.4083333333333333 0.584375 0.3875 0.584375 0.37395833333333334 0.5828125 0.35625 0.565625 0.3416666666666667 0.546875 0.3458333333333333 0.534375 0.37083333333333335
15 0.4890625 0.3541666666666667 0.515625 0.38333333333333336 0.525 0.38333333333333336 0.5328125 0.3625 0.578125 0.2916666666666667 0.578125 0.2833333333333333 0.5484375 0.2520833333333333 0.5421875 0.2520833333333333 0.4890625 0.3416666666666667 0.4890625 0.3541666666666667
14 0.7578125 0.44583333333333336 0.7640625 0.2708333333333333 0.765625 0.26875 0.75625 0.2625 0.7171875 0.26666666666666666 0.7140625 0.44583333333333336 0.7578125 0.44583333333333336
13 0.6609375 0.48541666666666666 0.6609375 0.475 0.6578125 0.425 0.6078125 0.43333333333333335 0.6140625 0.4895833333333333 0.6609375 0.48541666666666666
9 0.5671875 0.4791666666666667 0.571875 0.4395833333333333 0.571875 0.42916666666666664 0.571875 0.41875 0.528125 0.41458333333333336 0.5234375 0.475 0.5671875 0.4791666666666667
10 0.4984375 0.3229166666666667 0.5546875 0.23125 0.5546875 0.22916666666666666 0.51875 0.19583333333333333 0.471875 0.27708333333333335 0.4671875 0.29583333333333334 0.4984375 0.3229166666666667
11 0.5546875 0.6020833333333333 0.5734375 0.5645833333333333 0.5734375 0.55625 0.540625 0.49375 0.5046875 0.5229166666666667 0.540625 0.6083333333333333 0.5546875 0.6020833333333333
11 0.2828125 0.5708333333333333 0.3296875 0.5708333333333333 0.3296875 0.5583333333333333 0.3265625 0.48125 0.2828125 0.48333333333333334 0.2765625 0.5229166666666667 0.2828125 0.5708333333333333
5 0.4890625 0.7145833333333333 0.534375 0.7 0.534375 0.6979166666666666 0.5203125 0.6375 0.50625 0.6375 0.4765625 0.6520833333333333 0.4890625 0.7145833333333333
7 0.4859375 0.3458333333333333 0.4859375 0.33958333333333335 0.440625 0.24166666666666667 0.403125 0.2708333333333333 0.45 0.375 0.4859375 0.3458333333333333
6 0.6625 0.40208333333333335 0.6640625 0.47708333333333336 0.6578125 0.49583333333333335 0.6625 0.5125 0.709375 0.5125 0.715625 0.35 0.715625 0.3416666666666667 0.7125 0.33125 0.66875 0.3333333333333333 0.6734375 0.3625 0.6625 0.40208333333333335