1 0.5453125 0.41458333333333336 0.565625 0.45416666666666666 0.578125 0.4625 0.60625 0.4270833333333333 0.5796875 0.38125 0.5453125 0.41458333333333336
5 0.421875 0.3729166666666667 0.390625 0.4083333333333333 0.4171875 0.45625 0.4265625 0.46041666666666664 0.4546875 0.42916666666666664 0.4546875 0.41875 0.421875 0.3729166666666667
9 0.6140625 0.2791666666666667 0.5859375 0.33125 0.6125 0.36041666666666666 0.625 0.36041666666666666 0.646875 0.31875 0.64375 0.30416666666666664 0.6140625 0.2791666666666667
13 0.5359375 0.33541666666666664 0.50625 0.375 0.509375 0.3875 0.5328125 0.41458333333333336 0.546875 0.41041666666666665 0.5671875 0.3770833333333333 0.5640625 0.3645833333333333 0.5359375 0.33541666666666664
3 0.5421875 0.6 0.565625 0.6041666666666666 0.6328125 0.6083333333333333 0.6359375 0.55 0.5453125 0.5416666666666666 0.5421875 0.6
2 0.3046875 0.50625 0.228125 0.6395833333333333 0.228125 0.6479166666666667 0.25625 0.6791666666666667 0.271875 0.6708333333333333 0.3453125 0.5416666666666666 0.3140625 0.5 0.3046875 0.50625
14 0.30625 0.375 0.2953125 0.36875 0.2671875 0.39791666666666664 0.265625 0.4083333333333333 0.346875 0.5375 0.3625 0.5375 0.3859375 0.5125 0.3859375 0.5020833333333333 0.30625 0.375
6 0.3359375 0.33958333333333335 0.30625 0.3729166666666667 0.3078125 0.37916666666666665 0.3890625 0.5104166666666666 0.4046875 0.5083333333333333 0.4265625 0.475 0.3484375 0.34791666666666665 0.3359375 0.33958333333333335
7 0.5828125 0.4583333333333333 0.578125 0.4666666666666667 0.584375 0.5125 0.59375 0.5166666666666667 0.6765625 0.49583333333333335 0.6703125 0.44166666666666665 0.5828125 0.4583333333333333
11 0.2328125 0.45208333333333334 0.2375 0.4875 0.2578125 0.525 0.265625 0.53125 0.3015625 0.50625 0.271875 0.425 0.2328125 0.45208333333333334
11 0.3953125 0.36875 0.45 0.35833333333333334 0.4375 0.28958333333333336 0.3890625 0.3125 0.3953125 0.36875
10 0.3984375 0.6166666666666667 0.378125 0.6145833333333334 0.36875 0.625 0.3625 0.7375 0.375 0.7416666666666667 0.40625 0.74375 0.4109375 0.7354166666666667 0.415625 0.6291666666666667 0.3984375 0.6166666666666667
4 0.4453125 0.5708333333333333 0.4296875 0.5583333333333333 0.40625 0.5645833333333333 0.3953125 0.5895833333333333 0.403125 0.61875 0.415625 0.6270833333333333 0.434375 0.6208333333333333 0.4484375 0.5916666666666667 0.4453125 0.5708333333333333
8 0.4390625 0.69375 0.49375 0.675 0.48125 0.6166666666666667 0.4265625 0.6395833333333333 0.4390625 0.69375