11 0.646875 0.43333333333333335 0.6984375 0.45416666666666666 0.7109375 0.40625 0.7109375 0.39791666666666664 0.6640625 0.3729166666666667 0.6546875 0.3854166666666667 0.653125 0.41875 0.646875 0.43333333333333335
11 0.64375 0.40208333333333335 0.653125 0.3770833333333333 0.653125 0.37083333333333335 0.621875 0.3375 0.5796875 0.40208333333333335 0.6125 0.4395833333333333 0.64375 0.40208333333333335
2 0.5703125 0.40625 0.590625 0.38333333333333336 0.6 0.3625 0.6 0.36041666666666666 0.4984375 0.24166666666666667 0.4703125 0.28125 0.4765625 0.29791666666666666 0.5703125 0.40625
1 0.4734375 0.3854166666666667 0.490625 0.3770833333333333 0.5109375 0.35208333333333336 0.5109375 0.34791666666666665 0.4875 0.30625 0.478125 0.30833333333333335 0.4515625 0.3375 0.4734375 0.3854166666666667
9 0.5703125 0.5 0.58125 0.44583333333333336 0.58125 0.44375 0.5484375 0.43125 0.5328125 0.43333333333333335 0.528125 0.4875 0.5703125 0.5
13 0.5265625 0.5020833333333333 0.5265625 0.48541666666666666 0.5171875 0.44375 0.4703125 0.46041666666666664 0.48125 0.5125 0.5265625 0.5020833333333333
4 0.4703125 0.64375 0.4734375 0.6729166666666667 0.4875 0.6875 0.5046875 0.6875 0.51875 0.66875 0.51875 0.6572916666666667 0.5140625 0.6333333333333333 0.5046875 0.6208333333333333 0.484375 0.6229166666666667 0.4703125 0.64375
8 0.56875 0.61875 0.5953125 0.65625 0.6046875 0.6520833333333333 0.6296875 0.6208333333333333 0.6296875 0.6145833333333334 0.596875 0.5645833333333333 0.5859375 0.5666666666666667 0.5640625 0.5979166666666667 0.56875 0.61875
12 0.528125 0.5979166666666667 0.5484375 0.6354166666666666 0.559375 0.6416666666666667 0.5640625 0.6354166666666666 0.5625 0.5958333333333333 0.575 0.5708333333333333 0.5984375 0.5604166666666667 0.6171875 0.5729166666666666 0.628125 0.56875 0.628125 0.5625 0.60625 0.5229166666666667 0.5953125 0.5208333333333334 0.540625 0.5770833333333333 0.528125 0.5979166666666667
5 0.609375 0.5208333333333334 0.6203125 0.5395833333333333 0.6296875 0.5395833333333333 0.665625 0.5145833333333333 0.665625 0.5083333333333333 0.6453125 0.4583333333333333 0.634375 0.4583333333333333 0.6015625 0.48541666666666666 0.609375 0.5208333333333334
10 0.471875 0.5729166666666666 0.496875 0.6166666666666667 0.525 0.59375 0.5671875 0.5458333333333333 0.56875 0.54375 0.546875 0.5 0.5390625 0.4979166666666667 0.4734375 0.5645833333333333 0.471875 0.5729166666666666
3 0.4625 0.6416666666666667 0.46875 0.55 0.46875 0.5364583333333334 0.4671875 0.5208333333333334 0.421875 0.5229166666666667 0.4203125 0.6416666666666667 0.4625 0.6416666666666667
7 0.3703125 0.40208333333333335 0.4515625 0.4479166666666667 0.46875 0.40208333333333335 0.46875 0.39166666666666666 0.390625 0.34791666666666665 0.3796875 0.35208333333333336 0.3671875 0.38958333333333334 0.3703125 0.40208333333333335
6 0.3234375 0.43125 0.3234375 0.44166666666666665 0.3359375 0.45208333333333334 0.446875 0.5104166666666666 0.4546875 0.5083333333333333 0.465625 0.47708333333333336 0.465625 0.4625 0.4671875 0.46041666666666664 0.375 0.40208333333333335 0.346875 0.39166666666666666 0.334375 0.3958333333333333 0.3234375 0.43125
14 0.3703125 0.6854166666666667 0.3859375 0.6916666666666667 0.4140625 0.6895833333333333 0.4171875 0.64375 0.4171875 0.6331249999999999 0.415625 0.5083333333333333 0.4046875 0.5020833333333333 0.3703125 0.5041666666666667 0.3703125 0.6854166666666667