6 0.2775375 0.4926875 0.30499375 0.6726041666666667 0.347234375 0.6616520833333334 0.3181359375 0.48079791666666666 0.2775375 0.4926875
11 0.398628125 0.62504375 0.41505468749999996 0.5840541666666667 0.38149687499999996 0.5505729166666666 0.35920312499999996 0.5943791666666667 0.34958125 0.6275458333333332 0.349346875 0.63005 0.384546875 0.6604 0.398628125 0.62504375
5 0.33784843750000004 0.4689083333333333 0.349815625 0.5239770833333333 0.389475 0.5089583333333334 0.3782109375 0.45107291666666666 0.33784843750000004 0.4689083333333333
1 0.325175 0.3863020833333334 0.31743125 0.44356249999999997 0.3627234375 0.4520104166666667 0.371640625 0.3975666666666667 0.325175 0.3863020833333334
8 0.36319218750000004 0.34375 0.3843125 0.39475208333333334 0.43406406249999996 0.3612708333333333 0.4129421875 0.30933125 0.36319218750000004 0.34375
10 0.3798546875 0.42040833333333333 0.41693281249999997 0.52773125 0.4542453125 0.5048916666666667 0.41458593749999995 0.3960020833333333 0.3798546875 0.42040833333333333
13 0.4218609375 0.5336770833333334 0.4197484375 0.5943791666666667 0.46457031249999997 0.5996979166666667 0.469734375 0.54681875 0.4218609375 0.5336770833333334
2 0.40144375 0.6331791666666666 0.3777421875 0.6779229166666667 0.49179218750000003 0.7817979166666666 0.517371875 0.7311145833333333 0.40144375 0.6331791666666666
12 0.5359109375 0.58655 0.5054031250000001 0.5499416666666667 0.44462343750000005 0.6438104166666666 0.443215625 0.6422458333333334 0.4765390625 0.67948125 0.5359109375 0.58655
3 0.4350015625 0.43197916666666664 0.482640625 0.5289770833333333 0.5187796875 0.4961229166666667 0.4664484375 0.399125 0.4350015625 0.43197916666666664
14 0.5535109375 0.5305416666666667 0.517371875 0.7132729166666666 0.536615625 0.7204708333333334 0.573459375 0.5377395833333334 0.5535109375 0.5305416666666667
11 0.5514 0.6641479166666666 0.5485828125000001 0.7217208333333333 0.60584375 0.7448750000000001 0.611475 0.6763520833333333 0.5514 0.6641479166666666
9 0.5347375000000001 0.44261875 0.5474109375 0.49831458333333334 0.59129375 0.4842333333333333 0.5781515625 0.4260354166666667 0.5347375000000001 0.44261875
7 0.5981 0.5483770833333333 0.6070171875 0.6710333333333334 0.6534828125 0.6666520833333334 0.6424531250000001 0.5452479166666666 0.5981 0.5483770833333333
4 0.4996875 0.421875 0.5079687500000001 0.419375 0.5146875 0.4110416666666667 0.52046875 0.39729166666666665 0.5192187500000001 0.37916666666666665 0.5134375 0.3670833333333333 0.5059375 0.3614583333333333 0.4928125 0.35708333333333336 0.48125 0.36666666666666664 0.47234375 0.3802083333333333 0.4721932390625 0.39265051041666665 0.47171874999999996 0.393125 0.47359375000000004 0.398125 0.47890625 0.4091666666666667 0.48953125000000003 0.4197916666666667 0.4996875 0.421875