6 0.3515625 0.3 0.36875 0.34375 0.396875 0.33541666666666664 0.4875 0.27708333333333335 0.49375 0.2708333333333333 0.49375 0.25625 0.484375 0.22916666666666666 0.471875 0.21666666666666667 0.3515625 0.29375 0.3515625 0.3
5 0.496875 0.4125 0.509375 0.42083333333333334 0.5421875 0.42083333333333334 0.546875 0.4125 0.5515625 0.36666666666666664 0.5484375 0.36041666666666666 0.50625 0.35208333333333336 0.5 0.36041666666666666 0.496875 0.4 0.496875 0.4125
7 0.5203125 0.6041666666666666 0.60625 0.63125 0.61875 0.5770833333333333 0.5703125 0.5541666666666667 0.528125 0.5479166666666667 0.5203125 0.59375 0.5203125 0.6041666666666666
11 0.5703125 0.49583333333333335 0.59375 0.55 0.63125 0.5229166666666667 0.6125 0.46458333333333335 0.5703125 0.49375 0.5703125 0.49583333333333335
11 0.55 0.4125 0.6046875 0.42916666666666664 0.6109375 0.4166666666666667 0.6171875 0.36666666666666664 0.5609375 0.35625 0.55 0.40625 0.55 0.4125
9 0.5234375 0.6645833333333333 0.553125 0.69375 0.559375 0.69375 0.58125 0.6458333333333334 0.559375 0.6208333333333333 0.5421875 0.6166666666666667 0.5234375 0.65625 0.5234375 0.6645833333333333
10 0.38125 0.6854166666666667 0.4109375 0.7229166666666667 0.4734375 0.6395833333333333 0.4734375 0.63125 0.4421875 0.5958333333333333 0.38125 0.6791666666666667 0.38125 0.6854166666666667
3 0.3046875 0.5854166666666667 0.3171875 0.6354166666666666 0.403125 0.6020833333333333 0.40625 0.5958333333333333 0.3953125 0.54375 0.3046875 0.58125 0.3046875 0.5854166666666667
1 0.50625 0.35 0.55 0.35833333333333334 0.5546875 0.34791666666666665 0.55625 0.30416666666666664 0.5515625 0.29791666666666666 0.5140625 0.29375 0.50625 0.33958333333333335 0.50625 0.35
8 0.3625 0.3770833333333333 0.378125 0.4479166666666667 0.41875 0.43333333333333335 0.4171875 0.4041666666666667 0.4046875 0.35625 0.3828125 0.36041666666666666 0.3625 0.375 0.3625 0.3770833333333333
4 0.259375 0.49375 0.2734375 0.5166666666666667 0.3046875 0.5145833333333333 0.3171875 0.5020833333333333 0.3203125 0.47708333333333336 0.3078125 0.4583333333333333 0.278125 0.45416666666666666 0.2640625 0.4666666666666667 0.259375 0.4791666666666667 0.259375 0.49375
13 0.4203125 0.4270833333333333 0.425 0.46458333333333335 0.4625 0.46458333333333335 0.4703125 0.4583333333333333 0.4671875 0.4083333333333333 0.4625 0.40208333333333335 0.4203125 0.4083333333333333 0.4203125 0.4270833333333333
12 0.375 0.4583333333333333 0.378125 0.4708333333333333 0.384375 0.47291666666666665 0.4203125 0.46041666666666664 0.421875 0.45 0.41875 0.4354166666666667 0.3859375 0.4479166666666667 0.378125 0.4479166666666667 0.375 0.4395833333333333 0.375 0.4583333333333333
12 0.353125 0.3625 0.3625 0.38958333333333334 0.3640625 0.36875 0.3984375 0.35625 0.4015625 0.3458333333333333 0.3953125 0.3375 0.3875 0.3375 0.353125 0.35208333333333336 0.353125 0.3625