6 0.378125 0.45 0.3421875 0.44166666666666665 0.3359375 0.44166666666666665 0.315625 0.6229166666666667 0.3296875 0.6333333333333333 0.3578125 0.6333333333333333 0.378125 0.45
4 0.409375 0.43125 0.421875 0.42291666666666666 0.4265625 0.39166666666666666 0.4203125 0.375 0.40625 0.3625 0.3921875 0.3625 0.3796875 0.375 0.375 0.4 0.3859375 0.42291666666666666 0.409375 0.43125
14 0.4578125 0.24791666666666667 0.453125 0.24791666666666667 0.4265625 0.42916666666666664 0.4671875 0.4395833333333333 0.49375 0.25833333333333336 0.4578125 0.24791666666666667
3 0.546875 0.18541666666666667 0.54375 0.18541666666666667 0.509375 0.30416666666666664 0.5484375 0.32708333333333334 0.584375 0.20833333333333334 0.546875 0.18541666666666667
2 0.5921875 0.4583333333333333 0.6078125 0.45625 0.6171875 0.4041666666666667 0.4921875 0.35 0.4890625 0.35 0.4765625 0.4 0.478125 0.41041666666666665 0.5390625 0.43125 0.5921875 0.4583333333333333
10 0.6375 0.35625 0.615625 0.2375 0.6125 0.2375 0.5765625 0.25 0.5734375 0.25625 0.59375 0.37083333333333335 0.6375 0.35625
9 0.6671875 0.4354166666666667 0.6328125 0.4125 0.625 0.4125 0.6078125 0.4625 0.6421875 0.49166666666666664 0.6546875 0.4791666666666667 0.6671875 0.4354166666666667
5 0.5359375 0.49375 0.5453125 0.4395833333333333 0.50625 0.42291666666666666 0.5015625 0.42291666666666666 0.4921875 0.46041666666666664 0.4921875 0.48125 0.5265625 0.49583333333333335 0.5359375 0.49375
7 0.6203125 0.54375 0.6375 0.49375 0.6109375 0.4791666666666667 0.5984375 0.46458333333333335 0.5578125 0.44583333333333336 0.553125 0.44583333333333336 0.5359375 0.49375 0.5484375 0.5083333333333333 0.6109375 0.5458333333333333 0.6203125 0.54375
13 0.4890625 0.44583333333333336 0.459375 0.4395833333333333 0.446875 0.4395833333333333 0.44375 0.49583333333333335 0.45 0.5020833333333333 0.4859375 0.5020833333333333 0.4890625 0.44583333333333336
1 0.50625 0.59375 0.5109375 0.5833333333333334 0.490625 0.5333333333333333 0.4859375 0.5333333333333333 0.453125 0.5604166666666667 0.45625 0.5791666666666667 0.4734375 0.6125 0.50625 0.59375
11 0.55625 0.5791666666666667 0.5515625 0.5791666666666667 0.5171875 0.6104166666666667 0.5453125 0.6708333333333333 0.584375 0.6395833333333333 0.55625 0.5791666666666667
11 0.53125 0.64375 0.509375 0.59375 0.5046875 0.59375 0.471875 0.6166666666666667 0.49375 0.6916666666666667 0.5359375 0.6666666666666666 0.53125 0.64375
8 0.453125 0.5729166666666666 0.4203125 0.55 0.415625 0.55 0.390625 0.6166666666666667 0.4125 0.6354166666666666 0.43125 0.6416666666666667 0.453125 0.5729166666666666
12 0.409375 0.6354166666666666 0.3953125 0.625 0.390625 0.6125 0.4109375 0.5541666666666667 0.4203125 0.5479166666666667 0.4421875 0.5625 0.4484375 0.55 0.44375 0.5375 0.4125 0.5145833333333333 0.4109375 0.5145833333333333 0.3640625 0.6166666666666667 0.3703125 0.63125 0.3984375 0.6520833333333333 0.409375 0.6354166666666666