14 0.53125 0.38125 0.396875 0.36666666666666664 0.390625 0.42083333333333334 0.396875 0.4270833333333333 0.528125 0.4375 0.53125 0.39236041666666666 0.53125 0.38125
15 0.740625 0.3375 0.70625 0.32083333333333336 0.6890625 0.32916666666666666 0.68125 0.37916666666666665 0.6625 0.4395833333333333 0.690625 0.45416666666666666 0.7109375 0.45625 0.740625 0.3458333333333333 0.740625 0.3375
4 0.715625 0.5770833333333333 0.709375 0.5604166666666667 0.69375 0.55 0.671875 0.55 0.65625 0.575 0.665625 0.6041666666666666 0.6875 0.6166666666666667 0.7046875 0.6125 0.715625 0.5916666666666667 0.715625 0.5770833333333333
13 0.5234375 0.6166666666666667 0.5046875 0.575 0.496875 0.575 0.4671875 0.5979166666666667 0.46875 0.6145833333333334 0.484375 0.6520833333333333 0.4921875 0.6520833333333333 0.5234375 0.6270833333333333 0.5234375 0.6166666666666667
6 0.609375 0.6458333333333334 0.525 0.5125 0.5171875 0.5125 0.4921875 0.54375 0.496875 0.5604166666666667 0.5734375 0.68125 0.58125 0.6833333333333333 0.6109375 0.6479166666666667 0.609375 0.6458333333333334
7 0.65 0.60625 0.5921875 0.51875 0.5578125 0.55625 0.6125 0.64375 0.6234375 0.64375 0.65 0.6104166666666667 0.65 0.60625
5 0.4734375 0.4395833333333333 0.46875 0.43333333333333335 0.4265625 0.43125 0.4234375 0.4875 0.43125 0.49583333333333335 0.4703125 0.49375 0.4734375 0.45208333333333334 0.4734375 0.4395833333333333
10 0.628125 0.41875 0.5984375 0.3145833333333333 0.55625 0.3375 0.5828125 0.44583333333333336 0.628125 0.42916666666666664 0.628125 0.41875
9 0.484375 0.5083333333333333 0.45625 0.5 0.4390625 0.5020833333333333 0.4359375 0.5583333333333333 0.4796875 0.5666666666666667 0.484375 0.5270833333333333 0.484375 0.5083333333333333
11 0.475 0.6354166666666666 0.4578125 0.5791666666666667 0.415625 0.6020833333333333 0.421875 0.63125 0.434375 0.6583333333333333 0.475 0.6395833333333333 0.475 0.6354166666666666
11 0.6765625 0.5291666666666667 0.640625 0.48541666666666666 0.6296875 0.49375 0.6109375 0.5354166666666667 0.615625 0.5458333333333333 0.65 0.575 0.6765625 0.5333333333333333 0.6765625 0.5291666666666667
1 0.4359375 0.5125 0.4109375 0.47291666666666665 0.3765625 0.5041666666666667 0.3765625 0.5145833333333333 0.4 0.55 0.4125 0.5458333333333333 0.4359375 0.5166666666666667 0.4359375 0.5125
8 0.3515625 0.44375 0.3296875 0.37916666666666665 0.2875 0.40208333333333335 0.2875 0.41875 0.3109375 0.4708333333333333 0.3515625 0.4479166666666667 0.3515625 0.44375
3 0.625 0.48333333333333334 0.61875 0.44375 0.528125 0.46458333333333335 0.53125 0.5104166666666666 0.5375 0.5208333333333334 0.61875 0.5041666666666667 0.625 0.4979166666666667 0.625 0.48333333333333334
2 0.553125 0.3104166666666667 0.4203125 0.29375 0.4140625 0.3125 0.4140625 0.3541666666666667 0.5484375 0.36875 0.553125 0.325 0.553125 0.3104166666666667