2 0.3703125 0.7083333333333334 0.40625 0.7166666666666667 0.4171875 0.7104166666666667 0.4359375 0.5375 0.4078125 0.5291666666666667 0.390625 0.53125 0.3703125 0.6979166666666666 0.3703125 0.7083333333333334
3 0.315625 0.4979166666666667 0.321875 0.5895833333333333 0.36875 0.5833333333333334 0.371875 0.5520833333333334 0.3671875 0.46875 0.315625 0.46875 0.315625 0.48333333333333334 0.315625 0.4979166666666667
1 0.3734375 0.51875 0.39375 0.5270833333333333 0.4171875 0.5270833333333333 0.421875 0.5208333333333334 0.4265625 0.475 0.4125 0.4666666666666667 0.3796875 0.46458333333333335 0.3734375 0.5041666666666667 0.3734375 0.51875
5 0.503125 0.425 0.5359375 0.4666666666666667 0.5671875 0.42291666666666666 0.5359375 0.38125 0.503125 0.42083333333333334 0.503125 0.425
7 0.240625 0.5916666666666667 0.3140625 0.6604166666666667 0.328125 0.6458333333333334 0.3421875 0.6166666666666667 0.3375 0.6020833333333333 0.2734375 0.54375 0.2609375 0.55 0.240625 0.5875 0.240625 0.5916666666666667
6 0.3140625 0.45 0.3515625 0.46041666666666664 0.45 0.4708333333333333 0.45625 0.4625 0.459375 0.43125 0.45625 0.4125 0.3203125 0.3958333333333333 0.3140625 0.4395833333333333 0.3140625 0.45
13 0.35625 0.3770833333333333 0.38125 0.39375 0.403125 0.39791666666666664 0.4078125 0.39166666666666666 0.4125 0.34375 0.3703125 0.3229166666666667 0.35625 0.3645833333333333 0.35625 0.3770833333333333
15 0.4984375 0.5416666666666666 0.5171875 0.5791666666666667 0.525 0.5791666666666667 0.5890625 0.5166666666666667 0.59375 0.5020833333333333 0.571875 0.46458333333333335 0.565625 0.46458333333333335 0.5046875 0.5208333333333334 0.4953125 0.5375 0.4984375 0.5416666666666666
14 0.584375 0.48125 0.6078125 0.51875 0.61875 0.5166666666666667 0.7109375 0.4 0.709375 0.3875 0.6875 0.35625 0.678125 0.35625 0.584375 0.4791666666666667 0.584375 0.48125
11 0.4328125 0.5 0.4609375 0.5541666666666667 0.4984375 0.51875 0.465625 0.46041666666666664 0.4328125 0.49583333333333335 0.4328125 0.5
11 0.409375 0.38958333333333334 0.45625 0.40625 0.465625 0.3458333333333333 0.4203125 0.33541666666666664 0.409375 0.3875 0.409375 0.38958333333333334
8 0.55625 0.4041666666666667 0.56875 0.4125 0.6109375 0.41875 0.6171875 0.36041666666666666 0.5625 0.35 0.55625 0.38958333333333334 0.55625 0.4041666666666667
10 0.46875 0.625 0.471875 0.6770833333333334 0.559375 0.6729166666666667 0.5640625 0.6645833333333333 0.5640625 0.6166666666666667 0.5578125 0.6104166666666667 0.4734375 0.6145833333333334 0.46875 0.6208333333333333 0.46875 0.625
9 0.478125 0.48125 0.5015625 0.51875 0.5375 0.4875 0.5328125 0.46875 0.5125 0.4395833333333333 0.478125 0.47291666666666665 0.478125 0.48125
4 0.6234375 0.6354166666666666 0.6390625 0.6645833333333333 0.6546875 0.6708333333333333 0.66875 0.6645833333333333 0.678125 0.64375 0.6734375 0.6166666666666667 0.6546875 0.6 0.634375 0.6020833333333333 0.6234375 0.6229166666666667 0.6234375 0.6354166666666666