9 0.7359375 0.6395833333333333 0.7125 0.6083333333333333 0.7015625 0.6020833333333333 0.6859375 0.6125 0.678125 0.6229166666666667 0.6796875 0.6291666666666667 0.6703125 0.6375 0.6796875 0.6625 0.703125 0.6833333333333333 0.7109375 0.6833333333333333 0.7359375 0.6479166666666667 0.7359375 0.6395833333333333
10 0.596875 0.6104166666666667 0.5796875 0.5645833333333333 0.5734375 0.5625 0.5078125 0.60625 0.4984375 0.6166666666666667 0.4984375 0.6270833333333333 0.5171875 0.66875 0.596875 0.6145833333333334 0.596875 0.6104166666666667
5 0.521875 0.5625 0.4828125 0.5354166666666667 0.4671875 0.5625 0.4609375 0.5875 0.4796875 0.6083333333333333 0.4953125 0.6145833333333334 0.5078125 0.6041666666666666 0.521875 0.56875 0.521875 0.5625
6 0.696875 0.5916666666666667 0.6671875 0.5479166666666667 0.653125 0.5625 0.6421875 0.5875 0.6140625 0.6 0.5703125 0.6479166666666667 0.5625 0.6583333333333333 0.5640625 0.6708333333333333 0.578125 0.6958333333333333 0.590625 0.7041666666666667 0.696875 0.59375 0.696875 0.5916666666666667
7 0.634375 0.5020833333333333 0.6140625 0.46041666666666664 0.6078125 0.4583333333333333 0.5375 0.51875 0.5359375 0.5333333333333333 0.5515625 0.5645833333333333 0.559375 0.56875 0.634375 0.5083333333333333 0.634375 0.5020833333333333
8 0.384375 0.4 0.3390625 0.39791666666666664 0.3375 0.4791666666666667 0.3828125 0.4791666666666667 0.384375 0.4107645833333333 0.384375 0.4
3 0.44375 0.61875 0.40625 0.5895833333333333 0.3609375 0.6958333333333333 0.3984375 0.7229166666666667 0.44375 0.6208333333333333 0.44375 0.61875
2 0.4609375 0.28958333333333336 0.428125 0.2791666666666667 0.415625 0.28125 0.40625 0.32916666666666666 0.39375 0.4583333333333333 0.4359375 0.4666666666666667 0.4609375 0.29583333333333334 0.4609375 0.28958333333333336
1 0.5484375 0.5041666666666667 0.5390625 0.45625 0.5015625 0.4625 0.49375 0.47291666666666665 0.5 0.51875 0.5046875 0.5229166666666667 0.54375 0.5145833333333333 0.5484375 0.5083333333333333 0.5484375 0.5041666666666667
11 0.6671875 0.36875 0.609375 0.36041666666666666 0.6 0.41458333333333336 0.6453125 0.43125 0.6546875 0.42916666666666664 0.6671875 0.3729166666666667 0.6671875 0.36875
11 0.5609375 0.38958333333333334 0.534375 0.3458333333333333 0.4921875 0.38333333333333336 0.4921875 0.39166666666666666 0.5171875 0.4354166666666667 0.5609375 0.39166666666666666 0.5609375 0.38958333333333334
14 0.6265625 0.28125 0.6015625 0.27708333333333335 0.490625 0.2833333333333333 0.4859375 0.2916666666666667 0.4859375 0.3375 0.49375 0.3458333333333333 0.61875 0.33958333333333335 0.6265625 0.33541666666666664 0.6265625 0.2920833333333333 0.6265625 0.28125
4 0.65 0.5583333333333333 0.6421875 0.5354166666666667 0.615625 0.5270833333333333 0.6015625 0.5416666666666666 0.5984375 0.5708333333333333 0.6046875 0.5833333333333334 0.6296875 0.59375 0.646875 0.5791666666666667 0.6515625 0.5604166666666667 0.65 0.5583333333333333
13 0.496875 0.6229166666666667 0.45625 0.6 0.4390625 0.6583333333333333 0.4796875 0.6791666666666667 0.496875 0.625 0.496875 0.6229166666666667