1 0.48125 0.5041666666666667 0.5234375 0.51875 0.5328125 0.46041666666666664 0.5015625 0.4479166666666667 0.49375 0.4479166666666667 0.4875 0.46041666666666664 0.48125 0.5041666666666667
3 0.409375 0.29583333333333334 0.45625 0.3729166666666667 0.4703125 0.38333333333333336 0.5 0.35 0.5 0.3416666666666667 0.4453125 0.25833333333333336 0.4421875 0.25416666666666665 0.4203125 0.275 0.409375 0.29583333333333334
2 0.4625 0.5729166666666666 0.4671875 0.5666666666666667 0.471875 0.5125 0.478125 0.39166666666666666 0.4453125 0.38333333333333336 0.4359375 0.38333333333333336 0.4234375 0.5645833333333333 0.4625 0.5729166666666666
8 0.371875 0.49583333333333335 0.4140625 0.5083333333333333 0.4265625 0.4354166666666667 0.3953125 0.42291666666666666 0.384375 0.42291666666666666 0.375 0.45208333333333334 0.371875 0.49583333333333335
13 0.5453125 0.35208333333333336 0.5640625 0.38125 0.5765625 0.375 0.6015625 0.34375 0.5953125 0.3229166666666667 0.5765625 0.29583333333333334 0.575 0.29583333333333334 0.5421875 0.32916666666666666 0.5453125 0.35208333333333336
14 0.5984375 0.7354166666666667 0.6 0.7520833333333333 0.6328125 0.7645833333333333 0.640625 0.7625 0.64375 0.7541666666666667 0.6734375 0.59375 0.6703125 0.5833333333333334 0.6375 0.5729166666666666 0.6328125 0.5729166666666666 0.625 0.5916666666666667 0.5984375 0.7354166666666667
15 0.3734375 0.68125 0.378125 0.6854166666666667 0.4203125 0.68125 0.41875 0.5583333333333333 0.41 0.5583333333333333 0.3734375 0.5604166666666667 0.3734375 0.68125
11 0.5703125 0.6833333333333333 0.603125 0.6354166666666666 0.56875 0.5979166666666667 0.565625 0.5979166666666667 0.5359375 0.65 0.5703125 0.6833333333333333
11 0.509375 0.59375 0.521875 0.5208333333333334 0.4875 0.5104166666666666 0.478125 0.5104166666666666 0.4671875 0.5791666666666667 0.509375 0.59375
10 0.51875 0.60625 0.5515625 0.6125 0.5625 0.5833333333333334 0.575 0.49583333333333335 0.5421875 0.48541666666666666 0.534375 0.48541666666666666 0.5109375 0.59375 0.51875 0.60625
9 0.4609375 0.23958333333333334 0.4984375 0.24791666666666667 0.5046875 0.22916666666666666 0.5078125 0.18125 0.503125 0.175 0.478125 0.17083333333333334 0.465625 0.17083333333333334 0.4578125 0.21041666666666667 0.4609375 0.23958333333333334
4 0.559375 0.46041666666666664 0.565625 0.4708333333333333 0.5828125 0.4791666666666667 0.5984375 0.47291666666666665 0.609375 0.45625 0.609375 0.43125 0.59375 0.4125 0.5796875 0.4125 0.5609375 0.43333333333333335 0.559375 0.46041666666666664
5 0.478125 0.42916666666666664 0.490625 0.44583333333333336 0.5140625 0.4479166666666667 0.525 0.43333333333333335 0.53125 0.3854166666666667 0.4921875 0.36875 0.4890625 0.36875 0.4796875 0.39375 0.478125 0.42916666666666664
6 0.4859375 0.31666666666666665 0.503125 0.34791666666666665 0.515625 0.34375 0.61875 0.2604166666666667 0.6203125 0.24583333333333332 0.6015625 0.20416666666666666 0.5953125 0.20416666666666666 0.4828125 0.29583333333333334 0.4859375 0.31666666666666665
7 0.5765625 0.6020833333333333 0.590625 0.6145833333333334 0.6046875 0.6041666666666666 0.6578125 0.5354166666666667 0.6296875 0.49166666666666664 0.628125 0.49166666666666664 0.5640625 0.5729166666666666 0.5765625 0.6020833333333333