8 0.6809734375 0.31629375 0.6739124999999999 0.31350625 0.639134375 0.3515083333333333 0.6773125 0.4097354166666667 0.7131359374999999 0.36824375000000004 0.6809734375 0.31629375
9 0.57820625 0.4282125 0.569315625 0.4798145833333333 0.6135078125 0.4951541666666667 0.6234453125 0.43971875 0.57820625 0.4282125
13 0.5120484375000001 0.46377708333333334 0.518325 0.5192125 0.5601640625 0.5125875 0.5544109374999999 0.45540833333333336 0.5120484375000001 0.46377708333333334
11 0.5850046875 0.5220020833333333 0.6012171875 0.58266875 0.645671875 0.5516375 0.6297203125 0.4958520833333333 0.5850046875 0.5220020833333333
3 0.50028125 0.34000416666666666 0.517540625 0.4585458333333333 0.559640625 0.44948125 0.5429046875 0.33024166666666666 0.50028125 0.34000416666666666
4 0.551534375 0.5586104166666667 0.53924375 0.5634916666666666 0.530353125 0.57569375 0.5259078125000001 0.593825 0.52983125 0.6109083333333333 0.5423828125 0.6182312499999999 0.551534375 0.6203229166666666 0.561209375 0.6161395833333334 0.5687921874999999 0.6042854166666667 0.57193125 0.5945229166666667 0.5706234375 0.580925 0.57166875 0.5742999999999999 0.563040625 0.5624458333333333 0.551534375 0.5586104166666667
7 0.5293078125 0.6492604166666667 0.5295687499999999 0.7060916666666667 0.6208296875 0.7005145833333334 0.6187375 0.6443791666666667 0.5293078125 0.6492604166666667
1 0.48616093749999995 0.5366458333333333 0.46053437500000005 0.5837145833333334 0.49296093750000003 0.6175333333333334 0.517540625 0.5690708333333333 0.48616093749999995 0.5366458333333333
6 0.327175 0.47528125 0.327959375 0.5349020833333333 0.46367343749999995 0.5321125 0.46288906250000006 0.47563125 0.327175 0.47528125
10 0.327175 0.5512895833333334 0.33005 0.6112583333333333 0.421834375 0.6011458333333334 0.4179125 0.541875 0.327175 0.5512895833333334
12 0.4879921875 0.6677395833333333 0.3993453125 0.6614645833333334 0.39673125 0.7308458333333333 0.41032812500000004 0.7297999999999999 0.421834375 0.7259645833333334 0.4435375 0.7266625 0.4626265625 0.7273604166666666 0.47256406249999994 0.7311958333333333 0.47753281249999996 0.7371229166666667 0.48825312500000007 0.7378187500000001 0.49296093750000003 0.6743645833333333 0.4879921875 0.6677395833333333
11 0.450859375 0.3978791666666667 0.42994062499999997 0.44843541666666664 0.4741328125 0.47667708333333336 0.49400625 0.425075 0.450859375 0.3978791666666667
13 0.3671828125 0.35778541666666663 0.384440625 0.41287291666666665 0.42784843749999996 0.39474166666666666 0.41059062500000004 0.33581875 0.3671828125 0.35778541666666663