4 0.5890625 0.5375 0.5921875 0.5541666666666667 0.6140625 0.5729166666666666 0.6296875 0.56875 0.64375 0.54375 0.640625 0.5208333333333334 0.6265625 0.50625 0.61875 0.50625 0.596875 0.5166666666666667 0.5890625 0.5375
8 0.3140625 0.4083333333333333 0.3453125 0.44583333333333336 0.3828125 0.39375 0.3828125 0.3854166666666667 0.3546875 0.3541666666666667 0.346875 0.3541666666666667 0.3140625 0.4 0.3140625 0.4083333333333333
1 0.4734375 0.60625 0.5140625 0.6145833333333334 0.5203125 0.5583333333333333 0.490625 0.55 0.48125 0.55 0.475 0.55625 0.4734375 0.60625
5 0.521875 0.68125 0.5296875 0.6208333333333333 0.490625 0.6125 0.484375 0.6125 0.478125 0.6708333333333333 0.521875 0.68125
6 0.403125 0.49375 0.4125 0.49166666666666664 0.4171875 0.48125 0.440625 0.325 0.4375 0.30833333333333335 0.4078125 0.3 0.3984375 0.3 0.371875 0.4791666666666667 0.403125 0.49375
7 0.4625 0.23125 0.5171875 0.2875 0.5359375 0.29375 0.559375 0.25 0.490625 0.17708333333333334 0.4859375 0.17708333333333334 0.4640625 0.2125 0.4625 0.23125
9 0.5640625 0.6625 0.5828125 0.65625 0.60625 0.6375 0.5875 0.5833333333333334 0.5859375 0.5833333333333334 0.546875 0.6083333333333333 0.5640625 0.6625
11 0.45625 0.5479166666666667 0.528125 0.5479166666666667 0.5296875 0.49166666666666664 0.503125 0.48541666666666666 0.4953125 0.48541666666666666 0.453125 0.4895833333333333 0.45625 0.5479166666666667
11 0.325 0.35208333333333336 0.3890625 0.34791666666666665 0.390625 0.28958333333333336 0.3578125 0.28125 0.35 0.28125 0.321875 0.2916666666666667 0.325 0.35208333333333336
10 0.55625 0.29583333333333334 0.621875 0.36875 0.6390625 0.34791666666666665 0.6515625 0.32083333333333336 0.584375 0.24583333333333332 0.5828125 0.24375 0.5578125 0.2833333333333333 0.55625 0.29583333333333334
13 0.45625 0.42083333333333334 0.465625 0.4375 0.4984375 0.41875 0.503125 0.41041666666666665 0.503125 0.39791666666666664 0.4859375 0.35625 0.4796875 0.35625 0.446875 0.37916666666666665 0.45625 0.42083333333333334
15 0.503125 0.35833333333333334 0.5171875 0.44375 0.5484375 0.4395833333333333 0.5609375 0.43125 0.5453125 0.30833333333333335 0.5328125 0.30833333333333335 0.5015625 0.31875 0.503125 0.35833333333333334
14 0.53125 0.6791666666666667 0.5265625 0.6895833333333333 0.540625 0.73125 0.5453125 0.7375 0.5546875 0.7354166666666667 0.665625 0.6708333333333333 0.66875 0.6583333333333333 0.6515625 0.6125 0.646875 0.6125 0.5796875 0.6604166666666667 0.53125 0.6791666666666667