5 0.5359375 0.21666666666666667 0.5359375 0.22916666666666666 0.5578125 0.26666666666666666 0.578125 0.25625 0.59375 0.23958333333333334 0.5984375 0.225 0.596875 0.21041666666666667 0.5734375 0.17291666666666666 0.5703125 0.17291666666666666 0.5453125 0.19583333333333333 0.5359375 0.21666666666666667
6 0.5546875 0.5583333333333333 0.65 0.66875 0.659375 0.66875 0.684375 0.625 0.584375 0.5145833333333333 0.5828125 0.5125 0.559375 0.5375 0.5546875 0.5583333333333333
7 0.496875 0.5645833333333333 0.5046875 0.5729166666666666 0.5296875 0.6604166666666667 0.56875 0.6395833333333333 0.5375 0.5270833333333333 0.534375 0.5270833333333333 0.496875 0.5479166666666667 0.496875 0.5645833333333333
1 0.5359375 0.49375 0.5640625 0.5291666666666667 0.5953125 0.4895833333333333 0.56875 0.4479166666666667 0.5640625 0.4479166666666667 0.5359375 0.48125 0.5359375 0.49375
2 0.45625 0.5125 0.4796875 0.54375 0.4875 0.5458333333333333 0.5796875 0.425 0.5765625 0.4125 0.553125 0.38125 0.5484375 0.38125 0.4578125 0.5 0.45625 0.5125
3 0.6 0.3229166666666667 0.6140625 0.44166666666666665 0.6359375 0.44166666666666665 0.6578125 0.43125 0.6453125 0.3104166666666667 0.6359375 0.3104166666666667 0.6046875 0.31666666666666665 0.6 0.3229166666666667
13 0.3734375 0.4125 0.371875 0.46041666666666664 0.3796875 0.46875 0.4125 0.4708333333333333 0.4203125 0.41458333333333336 0.415625 0.4083333333333333 0.39375 0.4041666666666667 0.38515625 0.4041666666666667 0.3765625 0.4041666666666667 0.3734375 0.4125
14 0.403125 0.70625 0.4359375 0.725 0.446875 0.7083333333333334 0.49375 0.5645833333333333 0.49375 0.55625 0.4609375 0.5354166666666667 0.4546875 0.5354166666666667 0.4015625 0.6916666666666667 0.403125 0.70625
15 0.5015625 0.36666666666666664 0.5890625 0.3541666666666667 0.59375 0.34791666666666665 0.59375 0.325 0.5875 0.28958333333333336 0.5796875 0.28958333333333336 0.496875 0.30625 0.5015625 0.36666666666666664
4 0.3296875 0.5020833333333333 0.3453125 0.5229166666666667 0.365625 0.5229166666666667 0.3796875 0.5 0.3796875 0.48125 0.3671875 0.4625 0.35625 0.4583333333333333 0.346875 0.4583333333333333 0.33125 0.47291666666666665 0.3296875 0.5020833333333333
10 0.3171875 0.45 0.325 0.4708333333333333 0.3484375 0.45625 0.365625 0.45625 0.3484375 0.3375 0.3421875 0.3375 0.3046875 0.35 0.3171875 0.45
9 0.5984375 0.475 0.596875 0.5125 0.6359375 0.5229166666666667 0.64375 0.5125 0.65 0.46875 0.64375 0.46041666666666664 0.6125 0.45208333333333334 0.6109375 0.45208333333333334 0.6046875 0.45625 0.5984375 0.475
11 0.3859375 0.5854166666666667 0.4015625 0.5854166666666667 0.4390625 0.56875 0.428125 0.5125 0.4265625 0.5104166666666666 0.375 0.5270833333333333 0.3859375 0.5854166666666667
11 0.459375 0.4895833333333333 0.4703125 0.41875 0.434375 0.4083333333333333 0.4265625 0.4083333333333333 0.415625 0.47708333333333336 0.459375 0.4895833333333333
8 0.3953125 0.37083333333333335 0.4359375 0.37916666666666665 0.440625 0.3729166666666667 0.4453125 0.3020833333333333 0.415625 0.29583333333333334 0.4015625 0.29583333333333334 0.3953125 0.32708333333333334 0.3953125 0.37083333333333335