10 0.6723515625 0.6896270833333333 0.7101046875 0.7278125000000001 0.7632609375 0.6317687500000001 0.7242078125 0.5935833333333334 0.6723515625 0.6896270833333333
7 0.6738703125 0.5918458333333334 0.716961696875 0.5735518208333333 0.6894921875 0.45790624999999996 0.6458828125 0.47439583333333335 0.6738703125 0.5918458333333334
3 0.590771875 0.6844187500000001 0.6267890625 0.7162416666666667 0.6749562499999999 0.61556875 0.6385046875 0.584325 0.590771875 0.6844187500000001
12 0.5484640625 0.4798916666666667 0.579490625 0.523575 0.6476171875000001 0.43823333333333336 0.61854375 0.39541875 0.5484640625 0.4798916666666667
14 0.5365296875000001 0.4003375 0.563434375 0.44633333333333336 0.6712671875 0.33003958333333333 0.6445796875 0.2846208333333333 0.5365296875000001 0.4003375
2 0.5141828125 0.4929104166666667 0.495528125 0.5444041666666667 0.620496875 0.6190395833333333 0.6359015625 0.5658104166666666 0.5141828125 0.4929104166666667
5 0.5252515625 0.3014 0.5209125 0.36099374999999995 0.565175 0.36822499999999997 0.5690796875 0.307475 0.5252515625 0.3014
4 0.5005140625 0.6407375 0.4825046875 0.6436291666666667 0.47642968750000003 0.6508625 0.472090625 0.6647479166666667 0.473609375 0.6829729166666667 0.4829390625 0.6977270833333333 0.49422187500000003 0.7000416666666667 0.504853125 0.6974374999999999 0.5137484375 0.6849979166666667 0.5180875 0.6693770833333333 0.5176546875 0.6650375000000001 0.5111453125 0.6482583333333333 0.5005140625 0.6407375
9 0.45495 0.4769979166666667 0.48055312499999997 0.5212604166666667 0.5137484375 0.48654583333333334 0.4894484375 0.4434416666666667 0.45495 0.4769979166666667
1 0.4597234375 0.39165833333333333 0.4792515625 0.4417041666666667 0.5161359375 0.41624791666666666 0.4985609375 0.36764583333333334 0.4597234375 0.39165833333333333
13 0.41394374999999994 0.5088208333333334 0.439328125 0.551925 0.472090625 0.5183666666666666 0.44844062500000004 0.47526250000000003 0.41394374999999994 0.5088208333333334
11 0.400925 0.6016833333333333 0.43694218749999997 0.6447875 0.4671 0.6048645833333333 0.43303593749999997 0.5585791666666666 0.400925 0.6016833333333333
11 0.40700000000000003 0.35954583333333334 0.4425828125 0.4104625 0.47642968750000003 0.37082916666666665 0.439328125 0.32078124999999996 0.40700000000000003 0.35954583333333334
6 0.2946109375 0.4796020833333333 0.40548124999999996 0.5860604166666668 0.42913125 0.5420895833333332 0.32108125 0.4327375 0.2946109375 0.4796020833333333
8 0.29591249999999997 0.35405 0.328240625 0.3939729166666667 0.368596875 0.33698125 0.3371375 0.29648125000000003 0.29591249999999997 0.35405