12 0.6642984375000001 0.30569583333333333 0.6670640624999999 0.31038958333333333 0.6728468750000001 0.3093833333333333 0.67888125 0.31005416666666663 0.689440625 0.3258104166666667 0.6992468749999999 0.340225 0.70729375 0.35497708333333333 0.7100593749999999 0.37240833333333334 0.7181046875 0.3848125 0.7309281249999999 0.37877916666666667 0.7623578125 0.3372083333333334 0.6984921875000001 0.25105 0.6595203125 0.2959729166666667 0.6642984375000001 0.30569583333333333
7 0.6502171875 0.46728333333333333 0.744003125 0.44783958333333335 0.737465625 0.39185416666666667 0.737465625 0.39352916666666665 0.6474515625 0.41129791666666665 0.6502171875 0.46728333333333333
3 0.662034375 0.37240833333333334 0.664046875 0.31038958333333333 0.5722734375 0.30368333333333336 0.5702609375 0.36335833333333334 0.662034375 0.37240833333333334
8 0.5707640625 0.35430625 0.55416875 0.30334791666666666 0.5013687499999999 0.33754375 0.51896875 0.38849999999999996 0.5707640625 0.35430625
4 0.694721875 0.48303958333333336 0.695225 0.5004729166666667 0.7035218750000001 0.5155583333333333 0.7181046875 0.5209229166666667 0.7299218749999999 0.5182416666666667 0.7389734375 0.5058374999999999 0.7424937500000001 0.4920916666666667 0.740734375 0.47734166666666666 0.7349515625 0.4666125 0.7284140625 0.4592375 0.7163453125 0.45689166666666664 0.7082984375 0.46057916666666665 0.7000015625 0.46761874999999997 0.694721875 0.48303958333333336
9 0.7055328125 0.5695333333333333 0.6939671875 0.5205875 0.650971875 0.5360083333333333 0.662034375 0.5889791666666666 0.7055328125 0.5695333333333333
10 0.6487093749999999 0.5303104166666667 0.645440625 0.40895 0.6052109375 0.40828125 0.6044562499999999 0.5296395833333334 0.6487093749999999 0.5303104166666667
13 0.6011875 0.489075 0.5893703125 0.43543541666666663 0.5451171875 0.45823125 0.559953125 0.5132125000000001 0.6011875 0.489075
11 0.530534375 0.44616249999999996 0.59791875 0.4320833333333333 0.5936453125 0.37475625 0.5619640625 0.3771020833333333 0.527265625 0.3871604166666666 0.530534375 0.44616249999999996
1 0.5674953125 0.58395 0.58484375 0.5323208333333334 0.546375 0.5071791666666666 0.528271875 0.5594770833333332 0.5674953125 0.58395
5 0.49985937500000005 0.65368125 0.5071515625 0.5916604166666667 0.4644078125 0.5869666666666667 0.45636093750000006 0.6486520833333334 0.49985937500000005 0.65368125
6 0.513940625 0.5715458333333333 0.525003125 0.39017708333333334 0.4830140625 0.3861541666666667 0.47069375 0.5678583333333334 0.513940625 0.5715458333333333
14 0.35905624999999997 0.6620625 0.45862499999999995 0.5360083333333333 0.42996093750000003 0.4951083333333333 0.3281296875 0.61915 0.35905624999999997 0.6620625
11 0.4141203125 0.46929583333333336 0.3889765625 0.3975520833333333 0.3484953125 0.42035 0.3741421875 0.4941041666666666 0.4141203125 0.46929583333333336
2 0.4083375 0.3851479166666667 0.5320437499999999 0.31038958333333333 0.51469375 0.25943125 0.3907375 0.33653750000000004 0.4083375 0.3851479166666667