1 0.5203125 0.5604166666666667 0.4875 0.55 0.4796875 0.55 0.475 0.5541666666666667 0.4734375 0.60625 0.5140625 0.6145833333333334 0.5203125 0.5604166666666667
3 0.4890625 0.4354166666666667 0.4859375 0.3125 0.47781250000000003 0.3125 0.44375 0.3145833333333333 0.44375 0.4 0.4484375 0.44166666666666665 0.4890625 0.4354166666666667
2 0.5359375 0.49166666666666664 0.5484375 0.4895833333333333 0.55625 0.45208333333333334 0.559375 0.3104166666666667 0.553125 0.30416666666666664 0.54375 0.30416666666666664 0.515625 0.30416666666666664 0.5125 0.33541666666666664 0.509375 0.48333333333333334 0.5359375 0.49166666666666664
4 0.6109375 0.5708333333333333 0.628125 0.56875 0.640625 0.5541666666666667 0.640625 0.5208333333333334 0.6265625 0.50625 0.6125 0.50625 0.5984375 0.5145833333333333 0.590625 0.53125 0.5921875 0.5520833333333334 0.6109375 0.5708333333333333
5 0.5296875 0.6208333333333333 0.4921875 0.6125 0.4859375 0.6125 0.478125 0.6708333333333333 0.509375 0.68125 0.5234375 0.6791666666666667 0.5296875 0.6208333333333333
7 0.534375 0.3 0.55625 0.26875 0.5578125 0.25833333333333336 0.49375 0.17916666666666667 0.4875 0.17916666666666667 0.4640625 0.21458333333333332 0.4640625 0.23125 0.51875 0.3 0.534375 0.3
6 0.415625 0.60625 0.45 0.6020833333333333 0.4546875 0.5958333333333333 0.4421875 0.41458333333333336 0.43125 0.41458333333333336 0.4 0.42291666666666666 0.4046875 0.5291666666666667 0.4109375 0.6 0.415625 0.60625
8 0.4 0.5291666666666667 0.4 0.5208333333333334 0.371875 0.4895833333333333 0.3640625 0.4895833333333333 0.33125 0.5354166666666667 0.33125 0.54375 0.3609375 0.5791666666666667 0.4 0.5291666666666667
9 0.60625 0.6375 0.5875 0.5833333333333334 0.5859375 0.5833333333333334 0.546875 0.6083333333333333 0.5640625 0.6625 0.5828125 0.65625 0.60625 0.6375
11 0.54375 0.5166666666666667 0.540625 0.49583333333333335 0.48125 0.48541666666666666 0.4703125 0.48541666666666666 0.4640625 0.54375 0.5234375 0.5583333333333333 0.5375 0.55625 0.54375 0.5166666666666667
11 0.3984375 0.42291666666666666 0.3625 0.42083333333333334 0.3609375 0.42083333333333334 0.33125 0.43125 0.3359375 0.4875 0.3984375 0.48125 0.3984375 0.42291666666666666
10 0.6640625 0.34375 0.665625 0.33125 0.59375 0.26666666666666666 0.590625 0.26666666666666666 0.571875 0.30416666666666664 0.56875 0.32083333333333336 0.6421875 0.38333333333333336 0.6640625 0.34375
13 0.4390625 0.34375 0.440625 0.3145833333333333 0.409375 0.29583333333333334 0.4 0.29583333333333334 0.3859375 0.35 0.39375 0.36041666666666666 0.4234375 0.3770833333333333 0.4390625 0.34375
15 0.6140625 0.4125 0.5796875 0.3958333333333333 0.5734375 0.3958333333333333 0.546875 0.4979166666666667 0.546875 0.5145833333333333 0.5875 0.53125 0.6140625 0.4125
14 0.5265625 0.6875 0.540625 0.73125 0.5453125 0.7375 0.5546875 0.7354166666666667 0.6671875 0.66875 0.66875 0.65625 0.653125 0.6125 0.646875 0.6125 0.609375 0.6354166666666666 0.596875 0.65 0.53125 0.6791666666666667 0.5265625 0.6875