0 0.0015625 0 0.0015625 0.01875 0.0078125 0.03125 0.13125 0.2520833333333333 0.16875 0.3645833333333333 0.21875 0.44583333333333336 0.259375 0.47708333333333336 0.28125 0.4791666666666667 0.3046875 0.4708333333333333 0.334375 0.48333333333333334 0.346875 0.47291666666666665 0.346875 0.4479166666666667 0.3859375 0.45208333333333334 0.4078125 0.4395833333333333 0.4125 0.4166666666666667 0.4046875 0.39166666666666666 0.35 0.31666666666666665 0.36875 0.3145833333333333 0.3640625 0.28125 0.3484375 0.24375 0.3078125 0.1875 0.2375 0.15625 0.2140625 0.1375 0.15 0.04791666666666667 0.125 0 0.0097921875 0 0.0015625 0
10 0.390625 0.24791666666666667 0.3640625 0.27708333333333335 0.3765625 0.31875 0.4046875 0.37083333333333335 0.40625 0.3875 0.446875 0.3458333333333333 0.39375 0.24791666666666667 0.390625 0.24791666666666667
11 0.4125 0.5916666666666667 0.378125 0.6208333333333333 0.4 0.6833333333333333 0.4390625 0.6520833333333333 0.4171875 0.5916666666666667 0.4125 0.5916666666666667
11 0.4671875 0.6291666666666667 0.4390625 0.7 0.4796875 0.7291666666666666 0.5046875 0.6520833333333333 0.471875 0.6291666666666667 0.4671875 0.6291666666666667
14 0.5921875 0.20833333333333334 0.5625 0.21875 0.559375 0.23541666666666666 0.5875 0.38958333333333334 0.60625 0.39791666666666664 0.63125 0.38958333333333334 0.6328125 0.3729166666666667 0.6015625 0.20833333333333334 0.5921875 0.20833333333333334
13 0.5265625 0.42083333333333334 0.4921875 0.4395833333333333 0.5 0.4875 0.50625 0.49583333333333335 0.5453125 0.47708333333333336 0.53125 0.42083333333333334 0.5265625 0.42083333333333334
15 0.5265625 0.5333333333333333 0.4953125 0.55 0.525 0.66875 0.5640625 0.65 0.5359375 0.5333333333333333 0.5265625 0.5333333333333333
6 0.628125 0.43333333333333335 0.553125 0.5791666666666667 0.55625 0.59375 0.584375 0.6145833333333334 0.596875 0.6041666666666666 0.665625 0.46875 0.6640625 0.46041666666666664 0.634375 0.43333333333333335 0.628125 0.43333333333333335
7 0.3921875 0.5145833333333333 0.3234375 0.5833333333333334 0.3234375 0.5916666666666667 0.34375 0.6291666666666667 0.3546875 0.6333333333333333 0.3734375 0.6083333333333333 0.4203125 0.5666666666666667 0.4203125 0.55 0.396875 0.5145833333333333 0.3921875 0.5145833333333333
5 0.4203125 0.48333333333333334 0.4109375 0.5270833333333333 0.4140625 0.54375 0.43125 0.5541666666666667 0.4578125 0.5541666666666667 0.4640625 0.49583333333333335 0.425 0.48333333333333334 0.4203125 0.48333333333333334
4 0.5734375 0.39166666666666666 0.55625 0.4083333333333333 0.553125 0.41875 0.55625 0.44375 0.571875 0.4583333333333333 0.590625 0.45416666666666666 0.603125 0.43125 0.6 0.4041666666666667 0.5875 0.39166666666666666 0.5734375 0.39166666666666666
2 0.565625 0.33125 0.44375 0.3854166666666667 0.4421875 0.3958333333333333 0.45625 0.44583333333333336 0.4875 0.4375 0.50625 0.42291666666666666 0.584375 0.3875 0.5734375 0.33125 0.565625 0.33125
3 0.4421875 0.22083333333333333 0.4078125 0.2520833333333333 0.453125 0.35625 0.4609375 0.35625 0.4890625 0.33541666666666664 0.49375 0.325 0.446875 0.22083333333333333 0.4421875 0.22083333333333333
1 0.4390625 0.5583333333333333 0.4234375 0.5645833333333333 0.4234375 0.6083333333333333 0.43125 0.625 0.4671875 0.6208333333333333 0.4703125 0.6145833333333334 0.4671875 0.5583333333333333 0.4484375 0.5583333333333333 0.4390625 0.5583333333333333
8 0.6171875 0.63125 0.6125 0.7083333333333334 0.65625 0.7125 0.6625 0.6895833333333333 0.6609375 0.6354166666666666 0.628125 0.63125 0.6171875 0.63125