1 0.275 0.5708333333333333 0.3015625 0.6104166666666667 0.3171875 0.6020833333333333 0.34375 0.56875 0.3203125 0.53125 0.303125 0.5333333333333333 0.275 0.5625 0.275 0.5708333333333333
3 0.3484375 0.41875 0.3890625 0.4375 0.4125 0.375 0.4234375 0.32708333333333334 0.3796875 0.30416666666666664 0.3484375 0.41041666666666665 0.3484375 0.41875
5 0.34375 0.6270833333333333 0.35625 0.6729166666666667 0.3890625 0.6625 0.4046875 0.6479166666666667 0.39375 0.5958333333333333 0.3765625 0.5979166666666667 0.34375 0.6145833333333334 0.34375 0.6270833333333333
6 0.53125 0.5625 0.665625 0.5895833333333333 0.6734375 0.5729166666666666 0.6765625 0.5395833333333333 0.66875 0.5291666666666667 0.5375 0.50625 0.53125 0.55 0.53125 0.5625
7 0.415625 0.4875 0.4875 0.5625 0.5125 0.5270833333333333 0.5140625 0.5166666666666667 0.50625 0.5041666666666667 0.4390625 0.44166666666666665 0.4140625 0.48541666666666666 0.415625 0.4875
12 0.465625 0.35208333333333336 0.5265625 0.39166666666666666 0.5515625 0.4 0.56875 0.3458333333333333 0.4828125 0.29791666666666666 0.465625 0.34791666666666665 0.465625 0.35208333333333336
4 0.50625 0.275 0.509375 0.29583333333333334 0.5171875 0.30833333333333335 0.5375 0.3125 0.55 0.3 0.5578125 0.26666666666666666 0.5453125 0.24375 0.525 0.2375 0.5125 0.24791666666666667 0.50625 0.26666666666666666 0.50625 0.275
14 0.3421875 0.49166666666666664 0.4453125 0.6020833333333333 0.4578125 0.5916666666666667 0.475 0.5604166666666667 0.3734375 0.44583333333333336 0.3671875 0.44375 0.3421875 0.48333333333333334 0.3421875 0.49166666666666664
10 0.2984375 0.39375 0.3 0.41875 0.3046875 0.42291666666666666 0.346875 0.41875 0.34375 0.29791666666666666 0.2984375 0.3 0.2984375 0.38333333333333336 0.2984375 0.39375
9 0.490625 0.63125 0.4953125 0.6375 0.5359375 0.6354166666666666 0.5375 0.5791666666666667 0.4921875 0.575 0.490625 0.6204166666666667 0.490625 0.63125
11 0.571875 0.38958333333333334 0.6140625 0.4083333333333333 0.625 0.38125 0.628125 0.3458333333333333 0.5859375 0.32916666666666666 0.571875 0.38333333333333336 0.571875 0.38958333333333334
11 0.4734375 0.6791666666666667 0.5078125 0.7291666666666666 0.5421875 0.6958333333333333 0.5390625 0.6791666666666667 0.509375 0.6395833333333333 0.4734375 0.6770833333333334 0.4734375 0.6791666666666667
13 0.5390625 0.6125 0.5484375 0.65 0.5890625 0.6375 0.5828125 0.5833333333333334 0.5453125 0.5875 0.5390625 0.5916666666666667 0.5390625 0.6020833333333333 0.5390625 0.6125
8 0.6328125 0.6666666666666666 0.6671875 0.7041666666666667 0.7046875 0.6458333333333334 0.6734375 0.60625 0.6453125 0.6375 0.6328125 0.6604166666666667 0.6328125 0.6666666666666666