3 0.7226890625 0.4461645833333333 0.67544375 0.5455125 0.71023125 0.5768520833333334 0.7588859375 0.47343125 0.7226890625 0.4461645833333333
1 0.6839062499999999 0.3853666666666667 0.68625625 0.4439708333333333 0.7280953125 0.44334375000000004 0.7252734375000001 0.38411249999999997 0.6839062499999999 0.3853666666666667
8 0.6651015625000001 0.4511791666666667 0.6321953125 0.5135458333333334 0.6665125 0.5451979166666666 0.6963625 0.48220625 0.6651015625000001 0.4511791666666667
6 0.599053125 0.50445625 0.573903125 0.5495854166666666 0.6836703125 0.6520666666666667 0.70835 0.60913125 0.599053125 0.50445625
13 0.6138609374999999 0.4076166666666667 0.6399515625000001 0.45682083333333334 0.6749734375 0.4217208333333333 0.6509984375 0.37721666666666664 0.6138609374999999 0.4076166666666667
5 0.5598 0.43582291666666667 0.5873 0.48063958333333334 0.6204421875 0.44115000000000004 0.5941171875 0.39915625 0.5598 0.43582291666666667
11 0.6018734375 0.5840604166666666 0.5666171875 0.5517791666666666 0.5266578125 0.6241749999999999 0.563090625 0.65676875 0.5842453125 0.6257416666666666 0.6018734375 0.5840604166666666
2 0.40184687500000005 0.53893125 0.388684375 0.5944020833333333 0.51843125 0.6442333333333334 0.52924375 0.5897020833333334 0.40184687500000005 0.53893125
7 0.28173750000000003 0.5483333333333333 0.31205937499999997 0.6614687499999999 0.35084218749999996 0.6407854166666667 0.322165625 0.5285895833333334 0.28173750000000003 0.5483333333333333
9 0.32428124999999997 0.33553541666666664 0.347315625 0.39539375 0.383278125 0.3759645833333333 0.366590625 0.3179854166666667 0.32428124999999997 0.33553541666666664
11 0.34590624999999997 0.4051104166666667 0.34402499999999997 0.5072770833333333 0.389625 0.5091583333333333 0.391740625 0.4076166666666667 0.34590624999999997 0.4051104166666667
14 0.378578125 0.33584791666666663 0.4173609375 0.5097854166666667 0.457084375 0.493175 0.4185359375 0.3170458333333333 0.378578125 0.33584791666666663
12 0.44580156249999997 0.39946875 0.45919999999999994 0.45588125 0.5473421875 0.42140625000000004 0.5480484375 0.4217208333333333 0.5351203124999999 0.36468125 0.44580156249999997 0.39946875
10 0.5851859375 0.3888125 0.6082203125000001 0.2725416666666666 0.5677921875 0.25593333333333335 0.5459328125 0.37314375 0.5851859375 0.3888125
4 0.5417015625 0.31422500000000003 0.5341796875 0.30356875 0.5233671875 0.29886874999999996 0.510440625 0.30482291666666667 0.5026828125 0.3148520833333333 0.5000984374999999 0.33114791666666665 0.5012734375 0.3502645833333334 0.51373125 0.36060833333333336 0.5271281250000001 0.36217499999999997 0.5381750000000001 0.35684583333333336 0.5428765624999999 0.34838541666666667 0.5464015625 0.3389833333333333 0.54475625 0.32487916666666666 0.5417015625 0.31422500000000003