14 0.3834015625 0.28589791666666664 0.5170250000000001 0.23743541666666665 0.5049953125 0.18234791666666667 0.37294218749999997 0.22662708333333334 0.3834015625 0.28589791666666664
6 0.33999375 0.3702729166666667 0.4702171875 0.31413958333333336 0.4571421875 0.26323541666666667 0.32718125 0.31274375 0.33999375 0.3702729166666667
13 0.3682359375 0.44488541666666664 0.41321250000000004 0.42745208333333334 0.40301406249999994 0.37341041666666663 0.3582984375 0.38735625 0.3682359375 0.44488541666666664
1 0.4485140625 0.40688124999999997 0.48093906249999996 0.3716666666666667 0.452175 0.3287833333333333 0.4197484375 0.36295 0.4485140625 0.40688124999999997
8 0.37425 0.5153145833333334 0.431515625 0.5292604166666667 0.44066875000000005 0.4727770833333333 0.382878125 0.4570875 0.37425 0.5153145833333334
4 0.4482515625 0.48602708333333333 0.4500828125 0.5079916666666667 0.45583437499999996 0.5188 0.4702171875 0.52681875 0.486953125 0.52019375 0.494275 0.5055520833333333 0.49558125000000003 0.4919541666666667 0.4906140625 0.4766125 0.4832921875 0.46859375000000003 0.47492343750000005 0.46371249999999997 0.46681718749999995 0.46231875 0.45452812500000006 0.46929166666666666 0.4482515625 0.48602708333333333
5 0.3483625 0.6725583333333333 0.38366406249999996 0.71195625 0.41138125 0.66314375 0.3752953125 0.6268833333333333 0.3483625 0.6725583333333333
11 0.444853125 0.7907520833333332 0.480415625 0.7942374999999999 0.514409375 0.7879625 0.512840625 0.73148125 0.44406875 0.7290395833333334 0.444853125 0.7907520833333332
3 0.4817234375 0.7126520833333333 0.5227765625 0.7335729166666667 0.5552015625 0.6216541666666667 0.5154546875 0.6038729166666666 0.4817234375 0.7126520833333333
11 0.47779999999999995 0.5766770833333333 0.5486640625 0.6132854166666667 0.5648765625000001 0.55924375 0.493490625 0.5233333333333333 0.47779999999999995 0.5766770833333333
2 0.5656625 0.7569312499999999 0.6224062499999999 0.5937604166666667 0.584228125 0.57075 0.527484375 0.7307833333333333 0.5656625 0.7569312499999999
9 0.5175468750000001 0.5323979166666667 0.5554640625 0.5508770833333333 0.5727218749999999 0.49822916666666667 0.532975 0.47870416666666665 0.5175468750000001 0.5323979166666667
7 0.66110625 0.6181666666666668 0.683071875 0.5717958333333333 0.60619375 0.5083395833333333 0.58318125 0.5547125 0.66110625 0.6181666666666668
12 0.5366359375 0.45325208333333333 0.5690609375 0.48776875 0.6289421875000001 0.39607291666666666 0.5957328125 0.36155624999999997 0.5366359375 0.45325208333333333
10 0.5918109375 0.4609229166666667 0.6088078125 0.49578958333333334 0.6854250000000001 0.42954375 0.6592765625 0.38387083333333333 0.6114234374999999 0.42815 0.5918109375 0.4609229166666667