6 0.660490625 0.6979166666666666 0.526115625 0.69375 0.521428125 0.7 0.521428125 0.7479166666666667 0.526115625 0.7541666666666667 0.663615625 0.75625 0.660490625 0.6979166666666666
4 0.7375 0.6041666666666666 0.7375 0.5854166666666667 0.7265625 0.5666666666666667 0.6953125 0.5604166666666667 0.6796875 0.5770833333333333 0.678125 0.6 0.684375 0.6125 0.7078125 0.6270833333333333 0.7265625 0.6229166666666667 0.7375 0.6041666666666666
14 0.775 0.48333333333333334 0.7765625 0.47291666666666665 0.7546875 0.43333333333333335 0.7390625 0.4395833333333333 0.6421875 0.5354166666666667 0.6640625 0.5833333333333334 0.6796875 0.575 0.775 0.48333333333333334
13 0.565625 0.5458333333333333 0.5453125 0.49583333333333335 0.5078125 0.5229166666666667 0.5234375 0.56875 0.5359375 0.5708333333333333 0.565625 0.5458333333333333
8 0.6 0.6020833333333333 0.58125 0.5479166666666667 0.525 0.5791666666666667 0.5390625 0.6333333333333333 0.5515625 0.6333333333333333 0.6 0.6020833333333333
2 0.65 0.5157729166666667 0.5515625 0.4095229166666667 0.5390625 0.40535625 0.5203125 0.43660625 0.51875 0.45327291666666664 0.61875 0.5595229166666668 0.63125 0.5511895833333333 0.65 0.5157729166666667
3 0.7359375 0.4354166666666667 0.721875 0.39375 0.7125 0.3875 0.6359375 0.4354166666666667 0.63125 0.4479166666666667 0.646875 0.4875 0.6546875 0.49166666666666664 0.7359375 0.4395833333333333 0.7359375 0.4354166666666667
10 0.6703125 0.3458333333333333 0.58125 0.33541666666666664 0.575 0.3458333333333333 0.575 0.39375 0.665625 0.40208333333333335 0.6703125 0.36041666666666666 0.6703125 0.3458333333333333
9 0.5508921875 0.35357083333333333 0.5102671875 0.33482083333333335 0.49307968750000003 0.3910708333333333 0.5352671875 0.40982083333333336 0.5508921875 0.3639875 0.5508921875 0.35357083333333333
7 0.4890625 0.4354166666666667 0.4546875 0.3333333333333333 0.4421875 0.33541666666666664 0.4140625 0.35625 0.4171875 0.38125 0.428125 0.39791666666666664 0.4484375 0.46458333333333335 0.4796875 0.45208333333333334 0.4890625 0.44166666666666665 0.4890625 0.4354166666666667
5 0.525 0.48125 0.4984375 0.45625 0.4859375 0.45208333333333334 0.471875 0.475 0.4640625 0.5020833333333333 0.503125 0.5291666666666667 0.525 0.48333333333333334 0.525 0.48125
1 0.4984375 0.5291666666666667 0.4640625 0.5020833333333333 0.4421875 0.54375 0.4421875 0.5541666666666667 0.478125 0.58125 0.4984375 0.5395833333333333 0.4984375 0.5291666666666667
11 0.4359375 0.4479166666666667 0.4265625 0.4 0.4203125 0.39166666666666666 0.378125 0.4125 0.3875 0.4666666666666667 0.4359375 0.45 0.4359375 0.4479166666666667
11 0.4484375 0.49166666666666664 0.3921875 0.475 0.3828125 0.5354166666666667 0.4390625 0.5458333333333333 0.4484375 0.5020833333333333 0.4484375 0.49166666666666664