12 0.3765625 0.33125 0.38125 0.3375 0.4234375 0.3541666666666667 0.4671875 0.36041666666666666 0.475 0.32083333333333336 0.4734375 0.3 0.4375 0.29583333333333334 0.3890625 0.275 0.3875 0.27291666666666664 0.3765625 0.31666666666666665 0.3765625 0.33125
1 0.4546875 0.44166666666666665 0.48125 0.475 0.509375 0.4395833333333333 0.509375 0.42916666666666664 0.484375 0.39166666666666666 0.48125 0.39166666666666666 0.4515625 0.425 0.4546875 0.44166666666666665
3 0.559375 0.575 0.56875 0.5770833333333333 0.5953125 0.5354166666666667 0.5296875 0.45625 0.528125 0.45625 0.5 0.5 0.559375 0.575
2 0.546875 0.46041666666666664 0.5703125 0.475 0.5796875 0.4666666666666667 0.63125 0.3104166666666667 0.6296875 0.30416666666666664 0.5953125 0.2833333333333333 0.590625 0.2833333333333333 0.5359375 0.44583333333333336 0.546875 0.46041666666666664
5 0.39375 0.5729166666666666 0.4390625 0.56875 0.4390625 0.5208333333333334 0.43125 0.50625 0.428125 0.50625 0.390625 0.5125 0.39375 0.5729166666666666
7 0.3734375 0.4708333333333333 0.45 0.41041666666666665 0.4265625 0.35833333333333334 0.4234375 0.35833333333333334 0.3515625 0.42291666666666666 0.3734375 0.4708333333333333
6 0.3546875 0.68125 0.3921875 0.6791666666666667 0.396875 0.6729166666666667 0.390625 0.6333333333333333 0.3890625 0.49583333333333335 0.3796875 0.49583333333333335 0.346875 0.5020833333333333 0.3546875 0.68125
8 0.55625 0.7020833333333333 0.5734375 0.7125 0.6109375 0.7125 0.615625 0.7 0.6171875 0.6520833333333333 0.584375 0.6458333333333334 0.5765625 0.6458333333333334 0.559375 0.6479166666666667 0.55625 0.7020833333333333
4 0.4328125 0.4791666666666667 0.434375 0.5083333333333333 0.45 0.5229166666666667 0.46875 0.51875 0.48125 0.49583333333333335 0.478125 0.475 0.4609375 0.4583333333333333 0.453125 0.4583333333333333 0.440625 0.46458333333333335 0.4328125 0.4791666666666667
9 0.396875 0.6395833333333333 0.4390625 0.6333333333333333 0.4359375 0.5729166666666666 0.425 0.5729166666666666 0.3921875 0.5770833333333333 0.396875 0.6395833333333333
10 0.584375 0.6416666666666667 0.596875 0.6354166666666666 0.646875 0.55625 0.6375 0.5375 0.615625 0.5166666666666667 0.6140625 0.5145833333333333 0.55625 0.6041666666666666 0.584375 0.6416666666666667
11 0.4625 0.54375 0.5015625 0.58125 0.5265625 0.5395833333333333 0.490625 0.49375 0.4890625 0.49375 0.4671875 0.525 0.4625 0.54375
11 0.5046875 0.7125 0.5421875 0.6645833333333333 0.509375 0.6208333333333333 0.50625 0.6208333333333333 0.4734375 0.6729166666666667 0.5046875 0.7125
14 0.5 0.4083333333333333 0.50625 0.42083333333333334 0.5421875 0.4166666666666667 0.546875 0.41041666666666665 0.5296875 0.23125 0.5234375 0.23125 0.4890625 0.2375 0.5 0.4083333333333333
13 0.4390625 0.5958333333333333 0.471875 0.6291666666666667 0.4984375 0.5833333333333334 0.46875 0.55 0.4625 0.55 0.4421875 0.58125 0.4390625 0.5958333333333333