1 0.5046875 0.49583333333333335 0.5125 0.49375 0.5375 0.4625 0.5375 0.45208333333333334 0.5125 0.4166666666666667 0.5109375 0.4166666666666667 0.4796875 0.45 0.5046875 0.49583333333333335
3 0.421875 0.7041666666666667 0.4921875 0.6270833333333333 0.4640625 0.58125 0.4625 0.58125 0.3953125 0.6583333333333333 0.421875 0.7041666666666667
2 0.546875 0.6333333333333333 0.575 0.6645833333333333 0.58125 0.6625 0.6640625 0.53125 0.6625 0.5208333333333334 0.634375 0.4895833333333333 0.6296875 0.4895833333333333 0.5453125 0.6208333333333333 0.546875 0.6333333333333333
5 0.44375 0.50625 0.465625 0.5375 0.503125 0.5 0.5015625 0.4895833333333333 0.4765625 0.45208333333333334 0.471875 0.45208333333333334 0.440625 0.4875 0.44375 0.50625
6 0.3140625 0.44583333333333336 0.3359375 0.46458333333333335 0.35 0.45208333333333334 0.4046875 0.34375 0.4125 0.30625 0.384375 0.28125 0.38125 0.28125 0.3046875 0.4270833333333333 0.3140625 0.44583333333333336
7 0.4546875 0.43125 0.4828125 0.43333333333333335 0.4953125 0.4270833333333333 0.5046875 0.3125 0.475 0.30416666666666664 0.4625 0.30416666666666664 0.4515625 0.425 0.4546875 0.43125
11 0.4765625 0.25625 0.484375 0.2791666666666667 0.496875 0.2791666666666667 0.521875 0.2625 0.5203125 0.19375 0.5109375 0.19375 0.475 0.19791666666666666 0.4765625 0.25625
11 0.54375 0.4041666666666667 0.5484375 0.38958333333333334 0.55 0.3375 0.5109375 0.32708333333333334 0.509375 0.32708333333333334 0.5 0.3958333333333333 0.54375 0.4041666666666667
9 0.3296875 0.25 0.3625 0.26458333333333334 0.3796875 0.21458333333333332 0.371875 0.19583333333333333 0.3421875 0.17916666666666667 0.334375 0.17916666666666667 0.31875 0.23125 0.3296875 0.25
10 0.384375 0.49583333333333335 0.4234375 0.5 0.428125 0.48541666666666666 0.434375 0.37916666666666665 0.4046875 0.37083333333333335 0.3921875 0.37083333333333335 0.38125 0.4895833333333333 0.384375 0.49583333333333335
4 0.40625 0.3458333333333333 0.415625 0.36666666666666664 0.4390625 0.3770833333333333 0.4515625 0.3645833333333333 0.45625 0.3375 0.45 0.31666666666666665 0.4359375 0.30416666666666664 0.425 0.30416666666666664 0.4078125 0.32083333333333336 0.40625 0.3458333333333333
13 0.4296875 0.5833333333333334 0.4390625 0.58125 0.465625 0.5416666666666666 0.4359375 0.5 0.434375 0.5 0.403125 0.5416666666666666 0.4296875 0.5833333333333334
14 0.5421875 0.4479166666666667 0.575 0.46041666666666664 0.584375 0.45 0.61875 0.28958333333333336 0.615625 0.28125 0.5828125 0.26875 0.5765625 0.26875 0.5390625 0.4375 0.5421875 0.4479166666666667
12 0.540625 0.7270833333333333 0.634375 0.73125 0.634375 0.6729166666666667 0.6078125 0.6666666666666666 0.599609375 0.6666666666666666 0.5421875 0.6666666666666666 0.540625 0.7270833333333333