1 0.5453125 0.6520833333333333 0.5875 0.65625 0.5921875 0.6458333333333334 0.5921875 0.6 0.5484375 0.5958333333333333 0.5453125 0.64375 0.5453125 0.6520833333333333
3 0.3765625 0.33541666666666664 0.4203125 0.4375 0.4578125 0.41458333333333336 0.4578125 0.39375 0.415625 0.30416666666666664 0.3765625 0.3333333333333333 0.3765625 0.33541666666666664
2 0.478125 0.525 0.6140625 0.5333333333333333 0.6171875 0.48125 0.6046875 0.47291666666666665 0.4890625 0.4666666666666667 0.48125 0.46875 0.478125 0.47708333333333336 0.478125 0.5130208333333334 0.478125 0.525
8 0.475 0.30416666666666664 0.4953125 0.3416666666666667 0.5046875 0.34791666666666665 0.54375 0.30625 0.5453125 0.29791666666666666 0.5203125 0.25625 0.5140625 0.25625 0.475 0.3 0.475 0.30416666666666664
5 0.4859375 0.5833333333333334 0.4921875 0.5916666666666667 0.50625 0.59375 0.534375 0.5895833333333333 0.5359375 0.5354166666666667 0.525 0.5291666666666667 0.490625 0.5291666666666667 0.4859375 0.56875 0.4859375 0.5833333333333334
6 0.2875 0.5083333333333333 0.303125 0.5416666666666666 0.315625 0.5520833333333334 0.40625 0.4625 0.4203125 0.4395833333333333 0.4015625 0.40208333333333335 0.39375 0.39791666666666664 0.2859375 0.50625 0.2875 0.5083333333333333
7 0.3921875 0.6875 0.41875 0.725 0.4234375 0.725 0.4859375 0.6375 0.4625 0.6020833333333333 0.4546875 0.6 0.3921875 0.68125 0.3921875 0.6875
9 0.2734375 0.4375 0.2984375 0.47708333333333336 0.30625 0.4791666666666667 0.340625 0.44375 0.3390625 0.43125 0.3234375 0.4083333333333333 0.3078125 0.39791666666666664 0.2984375 0.40208333333333335 0.2734375 0.4354166666666667 0.2734375 0.4375
10 0.346875 0.53125 0.35625 0.58125 0.4421875 0.5604166666666667 0.446875 0.5541666666666667 0.4390625 0.5020833333333333 0.35625 0.51875 0.346875 0.5270833333333333 0.346875 0.53125
11 0.4921875 0.6520833333333333 0.5421875 0.6520833333333333 0.5453125 0.5958333333333333 0.4953125 0.59375 0.4921875 0.6395833333333333 0.4921875 0.6520833333333333
11 0.5609375 0.5770833333333333 0.5640625 0.5958333333333333 0.6125 0.59375 0.615625 0.5375 0.5640625 0.5333333333333333 0.5609375 0.5729166666666666 0.5609375 0.5770833333333333
13 0.4203125 0.49375 0.465625 0.5020833333333333 0.4703125 0.44375 0.4265625 0.4375 0.4203125 0.48541666666666666 0.4203125 0.49375
14 0.5 0.6875 0.503125 0.7208333333333333 0.6265625 0.7125 0.6390625 0.7104166666666667 0.640625 0.7041666666666667 0.640625 0.66875 0.634375 0.65 0.6 0.6520833333333333 0.5875 0.6604166666666667 0.5046875 0.6604166666666667 0.5 0.6645833333333333 0.5 0.6760416666666667 0.5 0.6875
15 0.5296875 0.36875 0.60625 0.41875 0.615625 0.4125 0.6296875 0.3729166666666667 0.6265625 0.36041666666666666 0.5515625 0.3125 0.54375 0.31666666666666665 0.5296875 0.35833333333333334 0.5296875 0.36875
4 0.3328125 0.6770833333333334 0.3453125 0.6958333333333333 0.365625 0.6958333333333333 0.3859375 0.6708333333333333 0.3875 0.64375 0.375 0.6291666666666667 0.3578125 0.6291666666666667 0.334375 0.65 0.3328125 0.6666666666666666 0.3328125 0.6770833333333334