11 0.2931390625 0.46517083333333337 0.2745734375 0.50770625 0.2737890625 0.5540770833333333 0.316934375 0.5690708333333333 0.33419374999999996 0.48051249999999995 0.2931390625 0.46517083333333337
6 0.333409375 0.3769604166666667 0.3164125 0.43135208333333336 0.441928125 0.5017791666666667 0.4578796875 0.44982916666666667 0.333409375 0.3769604166666667
5 0.390153125 0.47563125 0.35354375 0.51119375 0.380215625 0.5579125 0.41525625 0.5195604166666666 0.390153125 0.47563125
3 0.3015078125 0.30722916666666666 0.2900015625 0.36162083333333334 0.3807390625 0.39230208333333333 0.3909375 0.33512291666666666 0.3015078125 0.30722916666666666
13 0.42048593749999996 0.36510625 0.4173484375 0.4264708333333333 0.4618015625 0.4296083333333333 0.46493906249999994 0.37033541666666664 0.42048593749999996 0.36510625
1 0.42859218749999994 0.30722916666666666 0.435653125 0.36406041666666666 0.47670625 0.3612708333333333 0.47147656250000003 0.2992104166666667 0.42859218749999994 0.30722916666666666
10 0.5025937500000001 0.2911916666666666 0.527959375 0.40554999999999997 0.5705828125 0.39090624999999996 0.546525 0.27445625 0.5025937500000001 0.2911916666666666
8 0.500240625 0.4606375 0.50599375 0.51746875 0.5619531249999999 0.5087520833333333 0.5577687499999999 0.4487833333333333 0.500240625 0.4606375
14 0.42179374999999997 0.5795291666666667 0.432253125 0.6346166666666666 0.563521875 0.5903375000000001 0.553846875 0.5359479166666666 0.42179374999999997 0.5795291666666667
2 0.37969375 0.6876125 0.39538281249999996 0.73816875 0.5203765625 0.6677395833333333 0.5031171875 0.6136979166666666 0.37969375 0.6876125
7 0.49997968750000005 0.6963291666666667 0.5033796875000001 0.75420625 0.596209375 0.7437479166666667 0.592025 0.6865666666666667 0.49997968750000005 0.6963291666666667
11 0.5964703124999999 0.6192770833333333 0.5193296875 0.6283416666666667 0.52220625 0.6876125 0.560384375 0.6890083333333333 0.599346875 0.67959375 0.5964703124999999 0.6192770833333333
12 0.5548921874999999 0.5195604166666666 0.56116875 0.5763916666666666 0.655828125 0.55024375 0.64563125 0.4962020833333333 0.5548921874999999 0.5195604166666666
9 0.6320328125 0.5648854166666666 0.615559375 0.6161395833333334 0.6587046875 0.645775 0.67805625 0.59208125 0.6320328125 0.5648854166666666
4 0.6600125 0.40311041666666664 0.6696875 0.38776875 0.6699499999999999 0.36685 0.6602734375 0.3504625 0.6419703125 0.34418750000000004 0.628371875 0.3536 0.6231421874999999 0.3821895833333333 0.6330796875 0.4017145833333334 0.6458921875 0.4086875 0.6600125 0.40311041666666664