2 0.3328125 0.42083333333333334 0.409375 0.5645833333333333 0.4421875 0.5333333333333333 0.44375 0.5270833333333333 0.43125 0.5020833333333333 0.3671875 0.3854166666666667 0.3328125 0.41458333333333336 0.3328125 0.42083333333333334
3 0.28125 0.4395833333333333 0.3328125 0.5333333333333333 0.3390625 0.5333333333333333 0.3703125 0.5020833333333333 0.36875 0.49166666666666664 0.31875 0.40208333333333335 0.28125 0.43333333333333335 0.28125 0.4395833333333333
8 0.5078125 0.38125 0.559375 0.41458333333333336 0.578125 0.36041666666666666 0.5296875 0.32916666666666666 0.5078125 0.37916666666666665 0.5078125 0.38125
1 0.5453125 0.5729166666666666 0.5828125 0.5979166666666667 0.5984375 0.56875 0.603125 0.5479166666666667 0.58125 0.5270833333333333 0.565625 0.5208333333333334 0.5453125 0.5625 0.5453125 0.5729166666666666
11 0.621875 0.61875 0.6578125 0.6791666666666667 0.6953125 0.64375 0.690625 0.6291666666666667 0.6546875 0.5770833333333333 0.621875 0.6104166666666667 0.621875 0.61875
11 0.5640625 0.6333333333333333 0.5859375 0.6854166666666667 0.625 0.6583333333333333 0.621875 0.6229166666666667 0.6125 0.6041666666666666 0.6 0.6 0.5640625 0.625 0.5640625 0.6333333333333333
6 0.4390625 0.36041666666666666 0.5078125 0.5083333333333333 0.5171875 0.5083333333333333 0.546875 0.4791666666666667 0.48125 0.33125 0.471875 0.32708333333333334 0.4390625 0.3541666666666667 0.4390625 0.36041666666666666
14 0.2890625 0.35208333333333336 0.3 0.3958333333333333 0.4328125 0.35625 0.421875 0.29791666666666666 0.2890625 0.33958333333333335 0.2890625 0.35208333333333336
15 0.571875 0.51875 0.5921875 0.53125 0.6609375 0.5520833333333334 0.6734375 0.49583333333333335 0.5828125 0.46458333333333335 0.571875 0.5125 0.571875 0.51875
4 0.390625 0.425 0.409375 0.45208333333333334 0.434375 0.44583333333333336 0.44375 0.42916666666666664 0.4390625 0.40208333333333335 0.4234375 0.3875 0.4015625 0.39166666666666666 0.390625 0.41458333333333336 0.390625 0.425
13 0.434375 0.5041666666666667 0.4625 0.5375 0.4703125 0.5375 0.49375 0.5020833333333333 0.4953125 0.4875 0.46875 0.4625 0.459375 0.46041666666666664 0.434375 0.5020833333333333 0.434375 0.5041666666666667
7 0.44375 0.6104166666666667 0.4515625 0.71875 0.496875 0.7145833333333333 0.5 0.69375 0.4921875 0.5958333333333333 0.4578125 0.5958333333333333 0.44375 0.6041666666666666 0.44375 0.6104166666666667
5 0.48125 0.5833333333333334 0.5234375 0.6 0.5375 0.5645833333333333 0.5375 0.5458333333333333 0.496875 0.525 0.48125 0.5729166666666666 0.48125 0.5833333333333334
10 0.3203125 0.63125 0.3453125 0.6625 0.35625 0.6666666666666666 0.4125 0.5729166666666666 0.3859375 0.5375 0.378125 0.5375 0.3203125 0.6270833333333333 0.3203125 0.63125
9 0.375 0.6479166666666667 0.3921875 0.6791666666666667 0.403125 0.6875 0.4390625 0.64375 0.415625 0.6020833333333333 0.375 0.6416666666666667 0.375 0.6479166666666667