4 0.606646875 0.18240833333333334 0.59384375 0.18317291666666666 0.5852468749999999 0.18903125 0.576265625 0.19998541666666667 0.5751203125 0.20890208333333332 0.5751203125 0.22469791666666666 0.5818078125 0.24125625 0.603015625 0.2468625 0.6144796875 0.24125625 0.6223140625 0.22546249999999998 0.6247984375 0.20864791666666666 0.6202124999999999 0.19412708333333334 0.6102765625 0.18495625 0.606646875 0.18240833333333334
12 0.41653124999999996 0.2134875 0.415003125 0.22469791666666666 0.4262765625 0.23259583333333333 0.4429 0.24660625 0.46620937500000004 0.26826249999999996 0.4935328125 0.2843125 0.4960171875 0.2812541666666667 0.5177984375 0.2402375 0.5174171875 0.234125 0.5122578125 0.22826458333333333 0.504615625 0.22699166666666667 0.4960171875 0.22087708333333333 0.4816859375 0.20992083333333333 0.46735625000000003 0.19820208333333333 0.45722968750000004 0.18622916666666667 0.4492046875 0.17654791666666667 0.43850468749999993 0.16712291666666665 0.41653124999999996 0.2134875
7 0.3859609375 0.26495 0.4612421875 0.32991458333333334 0.4824515625 0.2845666666666667 0.40468593750000004 0.22113125 0.3859609375 0.26495
6 0.3769796875 0.49194166666666667 0.42226406250000004 0.5013666666666666 0.44710312500000005 0.32328958333333335 0.40583125000000003 0.31258958333333337 0.3769796875 0.49194166666666667
5 0.43831406250000005 0.41092708333333333 0.4824515625 0.42544791666666665 0.491621875 0.3673625 0.445575 0.35615416666666666 0.43831406250000005 0.41092708333333333
13 0.3915015625 0.4980541666666667 0.3672359375 0.5444208333333334 0.40296562500000005 0.5788145833333334 0.42685000000000006 0.5311729166666667 0.3913109375 0.49856458333333337 0.3915015625 0.4980541666666667
11 0.311253125 0.5755020833333333 0.3618859375 0.5851833333333333 0.3687640625 0.5237854166666667 0.317940625 0.5166520833333333 0.311253125 0.5755020833333333
11 0.36093125000000004 0.6328229166666667 0.40468593750000004 0.6458145833333333 0.412328125 0.5833999999999999 0.368 0.5716812499999999 0.36093125000000004 0.6328229166666667
1 0.41519375 0.61524375 0.45971406249999996 0.6160083333333334 0.45971406249999996 0.5561395833333334 0.416340625 0.555375 0.41519375 0.61524375
3 0.43716718749999994 0.7668270833333334 0.47251562500000005 0.7298854166666667 0.4197796875 0.6346062499999999 0.419015625 0.6346062499999999 0.3832859375 0.6689979166666667 0.43716718749999994 0.7668270833333334
9 0.42570312499999996 0.49932916666666666 0.4407984375 0.55231875 0.48359687500000004 0.5306645833333333 0.46869375 0.4764 0.42570312499999996 0.49932916666666666
14 0.4746171875 0.48862916666666667 0.5093921875 0.5250604166666667 0.586965625 0.37449583333333336 0.551809375 0.34010416666666665 0.4746171875 0.48862916666666667
2 0.4933421875 0.5688770833333333 0.5244859374999999 0.6065833333333334 0.6183015625 0.4784375 0.5886859375 0.4397145833333333 0.4933421875 0.5688770833333333
10 0.5581140625 0.5716812499999999 0.5940359374999999 0.60989375 0.6546046875 0.5212375 0.6211671875 0.48276875 0.5581140625 0.5716812499999999
8 0.5206640625000001 0.7512854166666667 0.573590625 0.78720625 0.5926984375 0.7301416666666667 0.5391984375 0.6977854166666667 0.5206640625000001 0.7512854166666667