12 0.3609375 0.49166666666666664 0.3796875 0.3729166666666667 0.340625 0.35625 0.334375 0.35625 0.3140625 0.47708333333333336 0.3609375 0.49166666666666664
7 0.396875 0.325 0.3984375 0.34791666666666665 0.403125 0.3541666666666667 0.4296875 0.3541666666666667 0.4421875 0.3458333333333333 0.4375 0.22291666666666668 0.428125 0.22291666666666668 0.3953125 0.225 0.396875 0.325
3 0.4046875 0.4625 0.428125 0.48125 0.44375 0.48333333333333334 0.4671875 0.41041666666666665 0.475 0.36875 0.4421875 0.35 0.4375 0.35 0.428125 0.36875 0.4046875 0.4625
1 0.5015625 0.5 0.5359375 0.5020833333333333 0.5453125 0.49583333333333335 0.546875 0.4479166666666667 0.54375 0.4395833333333333 0.5375 0.4395833333333333 0.5359375 0.4375 0.5 0.4395833333333333 0.5015625 0.5
8 0.56875 0.26666666666666666 0.6125 0.3104166666666667 0.6390625 0.2625 0.61875 0.23125 0.6015625 0.21666666666666667 0.5953125 0.21666666666666667 0.56875 0.25833333333333336 0.56875 0.26666666666666666
6 0.4734375 0.725 0.4953125 0.7333333333333333 0.5125 0.7291666666666666 0.540625 0.5666666666666667 0.5375 0.5520833333333334 0.503125 0.54375 0.5015625 0.5416666666666666 0.4703125 0.7083333333333334 0.4734375 0.725
5 0.5671875 0.6479166666666667 0.58125 0.6625 0.60625 0.675 0.628125 0.625 0.590625 0.59375 0.5859375 0.59375 0.5671875 0.6333333333333333 0.5671875 0.6479166666666667
10 0.415625 0.7229166666666667 0.4203125 0.7291666666666666 0.4578125 0.73125 0.4625 0.725 0.46875 0.6104166666666667 0.446875 0.6041666666666666 0.4390625 0.6041666666666666 0.4234375 0.6041666666666666 0.415625 0.7229166666666667
9 0.5484375 0.4479166666666667 0.578125 0.44583333333333336 0.590625 0.4375 0.584375 0.37916666666666665 0.575 0.37916666666666665 0.540625 0.3875 0.5484375 0.4479166666666667
11 0.5375 0.5875 0.5421875 0.59375 0.5796875 0.6041666666666666 0.59375 0.5395833333333333 0.553125 0.5270833333333333 0.5515625 0.525 0.546875 0.53125 0.5375 0.5875
11 0.471875 0.36041666666666666 0.5125 0.3458333333333333 0.5015625 0.27708333333333335 0.496875 0.27708333333333335 0.4578125 0.2916666666666667 0.471875 0.36041666666666666
14 0.6203125 0.575 0.65625 0.56875 0.665625 0.5604166666666667 0.6453125 0.38333333333333336 0.6390625 0.38333333333333336 0.603125 0.39375 0.6203125 0.575
13 0.5484375 0.37083333333333335 0.584375 0.36666666666666664 0.590625 0.36041666666666666 0.5890625 0.30833333333333335 0.584375 0.3020833333333333 0.575 0.3020833333333333 0.54375 0.3104166666666667 0.5484375 0.37083333333333335
4 0.35625 0.5395833333333333 0.3609375 0.5645833333333333 0.378125 0.5770833333333333 0.396875 0.5708333333333333 0.409375 0.5520833333333334 0.4046875 0.5229166666666667 0.384375 0.5104166666666666 0.3796875 0.5104166666666666 0.3671875 0.5145833333333333 0.35625 0.5395833333333333