4 0.628453125 0.22030416666666666 0.623571875 0.23201875 0.6225953125 0.24080416666666665 0.6252796875 0.2525208333333333 0.63186875 0.26390833333333336 0.6399234375 0.27204375 0.6521265625 0.27171875 0.6614 0.26878958333333336 0.668478125 0.2574020833333333 0.67140625 0.24275833333333333 0.6677453125 0.2271375 0.6596921874999999 0.21574791666666665 0.6487093749999999 0.21151875 0.639434375 0.21184375 0.6306484375 0.21769999999999998 0.628453125 0.22030416666666666
5 0.5530375000000001 0.2847354166666667 0.59696875 0.295475 0.6028265625 0.23364583333333336 0.5933078125 0.23169374999999998 0.5784203125 0.2271375 0.560115625 0.22453541666666668 0.5530375000000001 0.2847354166666667
1 0.515453125 0.21086666666666665 0.505446875 0.26423541666666667 0.5474249999999999 0.2788791666666667 0.5559671875000001 0.22225625000000002 0.5156968749999999 0.21119166666666667 0.515453125 0.21086666666666665
11 0.564509375 0.3315958333333333 0.561825 0.3462395833333333 0.59648125 0.39993125 0.6301609375 0.3612083333333333 0.6001421875 0.2951479166666667 0.564509375 0.3315958333333333
10 0.348271875 0.31272083333333334 0.4380859375 0.31141874999999997 0.441015625 0.2525208333333333 0.350225 0.25186875000000003 0.348271875 0.31272083333333334
3 0.357059375 0.33061875 0.33509375 0.37650208333333335 0.41709687500000003 0.43833125 0.43637812499999995 0.38691458333333334 0.357059375 0.33029375 0.357059375 0.33061875
14 0.4397953125 0.38723958333333336 0.572075 0.43182291666666667 0.5830578125 0.37715208333333333 0.450778125 0.33354791666666667 0.4397953125 0.38723958333333336
2 0.43735468749999995 0.45102083333333337 0.5689015625 0.493975 0.5813484375 0.43995833333333334 0.4502890625 0.3973291666666666 0.43735468749999995 0.45102083333333337
9 0.603803125 0.49007083333333334 0.6360187500000001 0.5226125 0.6645734375 0.47607916666666666 0.6299171875 0.4428854166666667 0.603803125 0.49007083333333334
12 0.328259375 0.4965791666666667 0.3346046875 0.5063416666666667 0.342415625 0.5235875 0.3485171875 0.5411604166666667 0.35535 0.5577562500000001 0.3563265625 0.5733770833333334 0.36364843750000003 0.5948541666666666 0.4056265625 0.5691458333333334 0.36462500000000003 0.45655416666666665 0.3214265625 0.4835625 0.328259375 0.4965791666666667
7 0.48616562500000005 0.6345541666666666 0.515453125 0.6029895833333333 0.4580984375 0.5118729166666667 0.42734843749999996 0.5450645833333333 0.48616562500000005 0.6345541666666666
6 0.5510859375 0.64594375 0.5828140625 0.6130770833333333 0.49544062499999997 0.47542708333333333 0.46517656250000006 0.5089458333333333 0.5510859375 0.64594375
13 0.589890625 0.5636145833333334 0.628940625 0.59648125 0.6504171875 0.54831875 0.6147859375 0.5196833333333334 0.589890625 0.5636145833333334
11 0.3856140625 0.6290229166666667 0.411971875 0.67165 0.451265625 0.6387833333333333 0.4229546875 0.5896479166666667 0.3856140625 0.6290229166666667
8 0.6101484375 0.7419395833333333 0.6255234375 0.6664437499999999 0.5849966296875 0.6511400875 0.58208125 0.6488729166666667 0.5676812499999999 0.72501875 0.6101484375 0.7419395833333333