6 0.22483749999999997 0.4640083333333333 0.2190109375 0.51944375 0.35618906250000004 0.5476916666666667 0.36122031250000003 0.49331458333333333 0.22483749999999997 0.4640083333333333
11 0.3603453125 0.583325 0.31184687499999997 0.5996604166666667 0.320525 0.6554770833333333 0.3603453125 0.6479895833333333 0.3705546875 0.6439041666666667 0.3603453125 0.583325
11 0.33175625000000003 0.31922083333333334 0.369534375 0.36210416666666667 0.37668124999999997 0.36822916666666666 0.4052703125 0.32262500000000005 0.3588140625 0.27701875 0.33175625000000003 0.31922083333333334
9 0.484909375 0.2804229166666667 0.4461109375 0.3164979166666667 0.4716359375 0.36278333333333335 0.4777625 0.3709520833333333 0.5099234375 0.3314729166666667 0.484909375 0.2804229166666667
13 0.3674921875 0.51661875 0.3761703125 0.5731145833333334 0.42007500000000003 0.5642645833333333 0.41088593749999996 0.5064083333333333 0.3674921875 0.51661875
5 0.4231375 0.6405020833333332 0.45325781249999997 0.6806625000000001 0.486440625 0.6432249999999999 0.45683125 0.5983 0.4231375 0.6405020833333332
14 0.2656171875 0.3656375 0.255284375 0.4177166666666666 0.3878375 0.46408541666666664 0.39539843750000003 0.4086458333333333 0.2656171875 0.3656375
1 0.4450421875 0.3884854166666667 0.40295781249999996 0.3797479166666667 0.399934375 0.43115625 0.39791875 0.43754166666666666 0.44075781249999996 0.44661249999999997 0.4450421875 0.3884854166666667
8 0.49972656249999997 0.5023895833333333 0.4634390625 0.47215 0.431434375 0.5383416666666666 0.43269375 0.53935 0.46797500000000003 0.5665666666666667 0.49972656249999997 0.5023895833333333
2 0.53173125 0.58840625 0.43420625 0.7160875 0.46268281250000004 0.7564083333333333 0.5609625 0.6314145833333333 0.53173125 0.58840625
4 0.5271953125 0.4503083333333333 0.4969546875 0.5165020833333334 0.532234375 0.5474145833333334 0.5629796875 0.47987708333333334 0.5271953125 0.4503083333333333
10 0.6065750000000001 0.5443895833333333 0.574571875 0.5779895833333334 0.6287515625 0.6734145833333333 0.629759375 0.6740875000000001 0.6625203125 0.6398145833333333 0.6065750000000001 0.5443895833333333
12 0.55765625 0.4375 0.57203125 0.448125 0.579375 0.4625 0.58140625 0.47979166666666667 0.5796875 0.4966666666666667 0.5746875 0.5077083333333333 0.58359375 0.520625 0.6121875 0.47770833333333335 0.54234375 0.395625 0.5146875 0.44 0.51484375 0.440625 0.52234375 0.45041666666666663 0.5298437500000001 0.44166666666666665 0.53984375 0.43479166666666663 0.55765625 0.4375
3 0.6481250000000001 0.34020833333333333 0.584375 0.4252083333333333 0.6129687500000001 0.46499999999999997 0.67796875 0.3779166666666667 0.6481250000000001 0.34020833333333333
7 0.5453125 0.3075 0.5515625 0.361875 0.6409374999999999 0.34145833333333336 0.6321875 0.288125 0.5453125 0.3075