10 0.36875 0.5104166666666666 0.278125 0.5020833333333333 0.275 0.5229166666666667 0.275 0.5354166666666667 0.2765625 0.5625 0.3546875 0.5708333333333333 0.3703125 0.5666666666666667 0.36875 0.5104166666666666
9 0.421875 0.3625 0.40625 0.30625 0.3984375 0.30416666666666664 0.3625 0.32083333333333336 0.3625 0.32708333333333334 0.375 0.375 0.38125 0.38333333333333336 0.40625 0.375 0.421875 0.3625
1 0.4453125 0.29791666666666666 0.4265625 0.33958333333333335 0.4265625 0.35 0.465625 0.375 0.478125 0.3541666666666667 0.484375 0.325 0.4453125 0.29791666666666666
2 0.5125 0.5958333333333333 0.4140625 0.7166666666666667 0.4140625 0.7229166666666667 0.44375 0.7625 0.5390625 0.6458333333333334 0.540625 0.6354166666666666 0.5125 0.5958333333333333
3 0.5234375 0.6958333333333333 0.5234375 0.7020833333333333 0.5625 0.7270833333333333 0.603125 0.61875 0.5625 0.5916666666666667 0.5234375 0.6958333333333333
12 0.3734375 0.64375 0.328125 0.6333333333333333 0.31875 0.7020833333333333 0.3046875 0.7520833333333333 0.3046875 0.7541666666666667 0.3421875 0.7666666666666667 0.3515625 0.7604166666666666 0.3640625 0.7145833333333333 0.3734375 0.64375
7 0.4421875 0.61875 0.4015625 0.5958333333333333 0.3671875 0.7 0.3671875 0.7104166666666667 0.3984375 0.7291666666666666 0.409375 0.7270833333333333 0.4421875 0.6333333333333333 0.4421875 0.61875
11 0.4484375 0.4375 0.40625 0.5104166666666666 0.40625 0.51875 0.4359375 0.5479166666666667 0.44375 0.5479166666666667 0.484375 0.4708333333333333 0.4484375 0.4375
11 0.575 0.56875 0.575 0.5729166666666666 0.621875 0.63125 0.653125 0.5916666666666667 0.60625 0.5291666666666667 0.575 0.56875
8 0.55625 0.4708333333333333 0.55625 0.48333333333333334 0.5953125 0.50625 0.6203125 0.44166666666666665 0.5796875 0.4125 0.55625 0.4708333333333333
6 0.5796875 0.36041666666666666 0.55 0.34375 0.5390625 0.34791666666666665 0.49375 0.5083333333333333 0.49375 0.5145833333333333 0.5296875 0.5333333333333333 0.5375 0.5291666666666667 0.5734375 0.4041666666666667 0.5796875 0.36041666666666666
5 0.590625 0.3458333333333333 0.5765625 0.39166666666666666 0.5765625 0.4041666666666667 0.609375 0.42291666666666666 0.61875 0.42083333333333334 0.63125 0.3625 0.590625 0.3458333333333333
13 0.44375 0.42291666666666666 0.4421875 0.425 0.4796875 0.4583333333333333 0.503125 0.4083333333333333 0.46875 0.375 0.44375 0.42291666666666666
4 0.375 0.38958333333333334 0.3703125 0.36875 0.3515625 0.35 0.33125 0.35 0.3171875 0.3729166666666667 0.3171875 0.3875 0.3265625 0.40625 0.3421875 0.41458333333333336 0.3640625 0.4125 0.375 0.38958333333333334
14 0.5953125 0.30416666666666664 0.4796875 0.22708333333333333 0.471875 0.23125 0.4578125 0.2708333333333333 0.4578125 0.28125 0.5734375 0.35625 0.584375 0.35 0.596875 0.3145833333333333 0.5953125 0.30416666666666664