11 0.448196875 0.2559125 0.514615625 0.278925 0.5261218750000001 0.22418541666666666 0.4942203125 0.19943125 0.4594421875 0.19838541666666665 0.448196875 0.2559125
6 0.498665625 0.42257083333333334 0.537628125 0.44383958333333334 0.5922796875 0.2778791666666667 0.5514859375000001 0.2552166666666667 0.498665625 0.42257083333333334
5 0.456565625 0.34028749999999997 0.4853296875 0.38700833333333334 0.5182765625 0.3535375 0.4916046875 0.304725 0.456565625 0.34028749999999997
3 0.5807734375 0.34098541666666665 0.6236578125000001 0.3545833333333333 0.644578125 0.23534375000000002 0.603784375 0.22000208333333332 0.5807734375 0.34098541666666665
13 0.55279375 0.44906875 0.5972484375 0.45325208333333333 0.6011703125000001 0.39398125 0.5551468749999999 0.3897979166666667 0.55279375 0.44906875
1 0.604046875 0.4689416666666667 0.6505921875 0.46196875 0.644578125 0.40478958333333337 0.6019546874999999 0.4142041666666667 0.604046875 0.4689416666666667
10 0.5818203125 0.5941104166666666 0.6691578125000001 0.5620333333333334 0.6566062500000001 0.5034583333333333 0.5708375 0.5372791666666666 0.5818203125 0.5941104166666666
8 0.4934359375 0.5826041666666666 0.5384125 0.577025 0.529521875 0.5003208333333333 0.4868984375 0.5079916666666667 0.4934359375 0.5826041666666666
14 0.432246875 0.5846958333333333 0.4730390625 0.5717958333333333 0.440353125 0.395725 0.3990375 0.4096708333333333 0.432246875 0.5846958333333333
2 0.37419531250000004 0.52716875 0.4147265625 0.50415625 0.359290625 0.3395916666666666 0.3213734375 0.36051041666666667 0.37419531250000004 0.52716875
7 0.3171890625 0.6282791666666667 0.36007500000000003 0.6227 0.352753125 0.49997291666666666 0.30934531249999997 0.50450625 0.3171890625 0.6282791666666667
11 0.35824375 0.5805125 0.3653046875 0.6324625 0.41054218750000004 0.6286270833333333 0.40374375 0.5257729166666667 0.359290625 0.5296083333333333 0.35824375 0.5805125
12 0.46231718749999995 0.7077708333333333 0.5028484375 0.694175 0.4853296875 0.5731895833333333 0.44270624999999997 0.5815583333333334 0.46231718749999995 0.7077708333333333
9 0.39066875 0.7116062500000001 0.43093906249999997 0.7374083333333333 0.4513359375 0.6760437499999999 0.4128953125 0.6540791666666668 0.39066875 0.7116062500000001
4 0.5737140625 0.6774395833333333 0.5684843749999999 0.6945229166666667 0.5726671875 0.71335 0.5841734375 0.7262500000000001 0.5998625 0.7265999999999999 0.6121531250000001 0.7136979166666666 0.616859375 0.6892937499999999 0.6098 0.6711625 0.5883578125 0.6641895833333333 0.5737140625 0.6774395833333333