3 0.46567499999999995 0.26876458333333336 0.54105 0.20214374999999998 0.519065625 0.15493958333333332 0.443690625 0.219275 0.46567499999999995 0.26876458333333336
1 0.5399078125 0.25962708333333334 0.5827359375000001 0.2630541666666667 0.5858765625 0.20062083333333333 0.5427640625000001 0.19795625 0.5399078125 0.25962708333333334
8 0.48880156250000006 0.32510625 0.53305625 0.28475416666666664 0.5153546875 0.23945208333333332 0.4636765625 0.27713958333333333 0.48880156250000006 0.32510625
6 0.4645328125 0.4061916666666667 0.49793750000000003 0.37040833333333334 0.41799375000000005 0.22460416666666666 0.3831609375 0.25277499999999997 0.4645328125 0.4061916666666667
13 0.5333421875 0.31520833333333337 0.532484375 0.31444791666666666 0.567603125 0.34947083333333334 0.5921578125 0.2996 0.55818125 0.26648125 0.53305625 0.3148270833333333 0.5333421875 0.31520833333333337
5 0.547046875 0.4248458333333333 0.577596875 0.3757375 0.5441906249999999 0.33881041666666667 0.5147828125 0.379925 0.547046875 0.4248458333333333
11 0.4062875 0.4655791666666667 0.4639609375 0.41456666666666664 0.439978125 0.3650791666666667 0.4082859375 0.3848729166666667 0.3817328125 0.41304375 0.4062875 0.4655791666666667
10 0.5921578125 0.44464166666666666 0.6835218750000001 0.40961875 0.6703890625 0.3525145833333333 0.583878125 0.3860166666666667 0.5921578125 0.44464166666666666
2 0.42655937499999996 0.6502125 0.4708140625 0.6311770833333333 0.434553125 0.45986875 0.3925828125 0.4743354166666667 0.42655937499999996 0.6502125
12 0.53476875 0.5538979166666667 0.5753125 0.56950625 0.6004375 0.45568125 0.5601796875 0.43626666666666664 0.53476875 0.5538979166666667
4 0.6055765625 0.4530166666666667 0.6035781250000001 0.468625 0.6047203125 0.4861375 0.611571875 0.4960333333333333 0.6241359375 0.5028875 0.6375546875 0.49755625 0.6501171875 0.48080625 0.646690625 0.4530166666666667 0.6338421875 0.43969375 0.615284375 0.4393125 0.6055765625 0.4530166666666667
14 0.4936546875 0.61214375 0.619853125 0.6616333333333333 0.6384109375 0.6045291666666667 0.5065031249999999 0.5592291666666667 0.4936546875 0.61214375
11 0.49364431875000003 0.6482751770833333 0.49336874999999997 0.7080770833333333 0.571315625 0.70426875 0.5704578125 0.646025 0.49364431875000003 0.6482751770833333
7 0.3791640625 0.75109375 0.465103125 0.7906854166666667 0.4810921875 0.7358666666666667 0.39458125 0.69589375 0.3791640625 0.75109375
9 0.5795953125 0.713025 0.62385 0.7335833333333334 0.6375546875 0.6764791666666666 0.5961546875 0.6563041666666667 0.5795953125 0.713025