14 0.2958328125 0.74305625 0.3885421875 0.6097229166666666 0.35625 0.5680562499999999 0.2614578125 0.7027770833333334 0.2958328125 0.74305625
2 0.259375 0.3638895833333333 0.2291671875 0.4041666666666667 0.3302078125 0.53055625 0.3583328125 0.49444375 0.259375 0.3638895833333333
11 0.2739578125 0.5986104166666667 0.2989578125 0.5722229166666666 0.2958328125 0.5263895833333333 0.246875 0.51805625 0.2489578125 0.5083333333333333 0.2479171875 0.5111104166666667 0.228125 0.5819437500000001 0.2739578125 0.5986104166666667
10 0.2635421875 0.2597229166666667 0.2583328125 0.325 0.35 0.3458333333333333 0.3572921875 0.29305625 0.2635421875 0.2597229166666667
8 0.41354218749999994 0.37083333333333335 0.43333281250000005 0.35 0.44479218749999994 0.29861041666666666 0.43645781250000004 0.2875 0.40208281250000005 0.2708333333333333 0.378125 0.34444375 0.41354218749999994 0.37083333333333335
4 0.3729171875 0.45277708333333333 0.3916671875 0.45138958333333334 0.3989578125 0.44166666666666665 0.40520781250000004 0.41527708333333335 0.3895828125 0.39722291666666665 0.3697921875 0.3875 0.346875 0.40972291666666666 0.3552078125 0.43888958333333333 0.3729171875 0.45277708333333333
12 0.5697921874999999 0.325 0.55 0.2625 0.465625 0.31111041666666667 0.48854218749999995 0.3777770833333333 0.5697921874999999 0.325
5 0.48645781250000003 0.5541666666666667 0.4947921875 0.49305625000000003 0.45 0.48333333333333334 0.44166718749999995 0.5402770833333334 0.48645781250000003 0.5541666666666667
3 0.5791671875 0.30694375 0.5395828125000001 0.4166666666666667 0.578125 0.44583333333333336 0.6114578125000001 0.33194375 0.5791671875 0.30694375
7 0.6520828125 0.41527708333333335 0.6197921875 0.3777770833333333 0.5677078125 0.48333333333333334 0.603125 0.5083333333333333 0.6520828125 0.41527708333333335
6 0.43333281250000005 0.7388895833333333 0.46458281250000005 0.5597229166666666 0.41875 0.55555625 0.3895828125 0.7277770833333334 0.43333281250000005 0.7388895833333333
13 0.5947921875 0.5722229166666666 0.5697921874999999 0.5291666666666667 0.534375 0.5486104166666668 0.540625 0.5638895833333333 0.5552078125000001 0.5986104166666667 0.5947921875 0.5722229166666666
11 0.54375 0.7138895833333333 0.525 0.6083333333333333 0.48645781250000003 0.625 0.5020828125000001 0.7291666666666666 0.54375 0.7138895833333333
9 0.675 0.6819437500000001 0.6520828125 0.6236104166666667 0.6114578125000001 0.6527770833333334 0.63125 0.7083333333333334 0.675 0.6819437500000001
1 0.6802078125000001 0.5541666666666667 0.6770828125 0.49166666666666664 0.628125 0.5041666666666667 0.6354171875 0.5611104166666667 0.6802078125000001 0.5541666666666667