4 0.2836390625 0.6982791666666667 0.2868109375 0.7129229166666666 0.295353125 0.7236604166666667 0.30706875 0.7285416666666666 0.3180515625 0.7246375 0.3265921875 0.7152 0.3287890625 0.7028354166666666 0.3290328125 0.6865645833333333 0.32293125 0.675825 0.31439062500000003 0.6670395833333332 0.30560312500000003 0.6634604166666667 0.2990140625 0.6647625 0.290228125 0.6712708333333333 0.288275 0.6741979166666667 0.2838828125 0.6859125 0.2836390625 0.6982791666666667
5 0.29877031249999997 0.6244104166666666 0.300234375 0.6371020833333334 0.34660625 0.6292916666666667 0.3385515625 0.5707166666666666 0.2934015625 0.5801541666666666 0.295353125 0.6045604166666667 0.29877031249999997 0.6244104166666666
1 0.334159375 0.5632333333333333 0.3231765625 0.5072625 0.28315 0.5206041666666666 0.28339375 0.5209291666666667 0.2916921875 0.5746229166666666 0.334159375 0.5632333333333333
11 0.4249484375 0.6286416666666667 0.3846796875 0.5824333333333332 0.373696875 0.5860125 0.34636093749999997 0.6335229166666667 0.39590625 0.6735479166666667 0.4249484375 0.6286416666666667
10 0.3585640625 0.41744791666666664 0.359540625 0.2976958333333333 0.3139015625 0.3003 0.31439062500000003 0.42135416666666664 0.3585640625 0.41744791666666664
3 0.4537484375 0.3894625 0.4073765625 0.280125 0.3729640625 0.3094125 0.3727203125 0.3094125 0.4151859375 0.4151708333333334 0.4537484375 0.3894625
14 0.4488671875 0.5961 0.4154296875 0.4197270833333333 0.3751609375 0.4343708333333333 0.4078640625 0.6107437499999999 0.4488671875 0.5961
2 0.49548125 0.5918687499999999 0.463265625 0.4164729166666667 0.42299687500000005 0.43371875 0.45496875000000003 0.6084645833333333 0.49548125 0.5918687499999999
9 0.516959375 0.6813583333333334 0.492553125 0.6384041666666668 0.45716406249999997 0.6732229166666667 0.48205937499999996 0.71943125 0.516959375 0.6813583333333334
12 0.551859375 0.37416875 0.571140625 0.3181979166666667 0.5550328125 0.3084354166666667 0.5433171875 0.30713333333333337 0.5308703125 0.29802291666666664 0.517690625 0.28988749999999996 0.50475625 0.2794729166666666 0.497434375 0.27101250000000005 0.48767187500000003 0.2619020833333333 0.467415625 0.3195 0.551859375 0.37416875
7 0.5772421875 0.5206041666666666 0.6009156250000001 0.4815541666666666 0.5337984375 0.40313125 0.5089046875000001 0.44413125 0.5772421875 0.5206041666666666
6 0.5848078125 0.6104187499999999 0.6094578125 0.5681145833333333 0.506709375 0.45356874999999997 0.4815703125 0.4939208333333333 0.5848078125 0.6104187499999999
13 0.5723609374999999 0.6719208333333333 0.5477109375 0.6198541666666666 0.5147625 0.6530479166666667 0.5362390625 0.70055625 0.5723609374999999 0.6719208333333333
11 0.6287375 0.3826291666666667 0.5967671875 0.34748541666666666 0.5672359375 0.3972729166666667 0.6040875 0.43502083333333336 0.6287375 0.3826291666666667
8 0.613355065625 0.6133288395833334 0.6248328125 0.6673645833333333 0.6814546874999999 0.6468645833333333 0.6687640625 0.5902416666666667 0.6116546875 0.6094416666666667 0.613355065625 0.6133288395833334