14 0.2985859375 0.3972125 0.24225625 0.5645125 0.2785203125 0.5880437500000001 0.3375109375 0.42171041666666664 0.2985859375 0.3972125
10 0.3302578125 0.47715625 0.308015625 0.5229291666666667 0.38320468750000003 0.5899791666666666 0.4044796875 0.5432375 0.3302578125 0.47715625
5 0.3614453125 0.5848208333333333 0.33799375 0.6334958333333333 0.3728078125 0.66573125 0.39795156249999997 0.6160895833333334 0.3614453125 0.5848208333333333
11 0.400128125 0.6589625 0.40278749999999997 0.7292354166666667 0.44775468749999997 0.7314916666666667 0.44727187500000004 0.6618625 0.400128125 0.6589625
6 0.44968906249999996 0.4642604166666667 0.4010953125 0.6325291666666666 0.438084375 0.6541270833333334 0.4878875 0.48521458333333334 0.44968906249999996 0.4642604166666667
2 0.37184062500000004 0.45168958333333337 0.41173281250000004 0.46393958333333335 0.44146875 0.2876125 0.401578125 0.27471875 0.37184062500000004 0.45168958333333337
1 0.46274375 0.40656041666666665 0.44968906249999996 0.4610375 0.48885468750000005 0.47908958333333335 0.5038437499999999 0.42525625 0.46274375 0.40656041666666665
7 0.526328125 0.31114375 0.49876718750000004 0.3543395833333333 0.56331875 0.4342833333333333 0.5928140625 0.39076458333333336 0.526328125 0.31114375
9 0.5055359375 0.43170416666666667 0.5106140625 0.4865041666666666 0.55485625 0.4797333333333333 0.546878125 0.4226770833333333 0.5055359375 0.43170416666666667
4 0.47990937499999997 0.7247229166666667 0.49248125 0.7269791666666666 0.5033609375 0.7166625 0.5094046875 0.6979666666666666 0.5065031249999999 0.6818500000000001 0.49973437499999995 0.6696000000000001 0.487646875 0.6605729166666666 0.475315625 0.6647645833333333 0.4673375 0.6737895833333333 0.46177812500000004 0.6821708333333334 0.46274375 0.7002229166666667 0.4683046875 0.7147291666666666 0.47990937499999997 0.7247229166666667
12 0.521009375 0.52583125 0.51158125 0.6502583333333334 0.556065625 0.6583166666666667 0.5669453125 0.5316333333333333 0.521009375 0.52583125
11 0.6055015625 0.5418083333333333 0.5639984375 0.5753270833333333 0.5839203125 0.6237104166666666 0.6299296875 0.5933520833333333 0.6055015625 0.5418083333333333
8 0.60289375 0.29515416666666666 0.5967265625 0.3719958333333333 0.6379937499999999 0.37990208333333336 0.6460578124999999 0.30179374999999997 0.60289375 0.29515416666666666
3 0.641078125 0.38843958333333334 0.5967265625 0.3821145833333333 0.5884265625 0.50228125 0.5889 0.50228125 0.6332515625 0.5089208333333334 0.641078125 0.38843958333333334
13 0.6432125 0.44915416666666663 0.6370453125 0.5120833333333333 0.6816328125 0.5218854166666667 0.689934375 0.4614875 0.6432125 0.44915416666666663