1 0.4359375 0.5604166666666667 0.4109375 0.60625 0.4453125 0.6416666666666667 0.471875 0.6041666666666666 0.465625 0.5875 0.4359375 0.5604166666666667
5 0.43125 0.3541666666666667 0.4046875 0.3958333333333333 0.4390625 0.4395833333333333 0.446875 0.4395833333333333 0.4703125 0.40208333333333335 0.4671875 0.38958333333333334 0.43125 0.3541666666666667
9 0.3734375 0.6145833333333334 0.334375 0.6520833333333333 0.353125 0.6916666666666667 0.3640625 0.6958333333333333 0.3953125 0.6666666666666666 0.3953125 0.65 0.3734375 0.6145833333333334
13 0.415625 0.5125 0.40625 0.5083333333333333 0.3765625 0.5479166666666667 0.3984375 0.5854166666666667 0.4078125 0.5895833333333333 0.4328125 0.5625 0.4359375 0.54375 0.415625 0.5125
3 0.575 0.55625 0.53125 0.5604166666666667 0.5375 0.68125 0.58125 0.6770833333333334 0.578125 0.5875 0.575 0.55625
2 0.6109375 0.1375 0.6046875 0.1375 0.5046875 0.23958333333333334 0.5 0.2520833333333333 0.53125 0.29375 0.628125 0.19583333333333333 0.634375 0.175 0.6109375 0.1375
14 0.43125 0.1875 0.4234375 0.18958333333333333 0.4015625 0.22708333333333333 0.40625 0.24166666666666667 0.5015625 0.34791666666666665 0.509375 0.34791666666666665 0.528125 0.31666666666666665 0.528125 0.29583333333333334 0.43125 0.1875
6 0.409375 0.24375 0.4046875 0.24166666666666667 0.3796875 0.28125 0.3859375 0.29791666666666666 0.48125 0.40208333333333335 0.50625 0.3729166666666667 0.5078125 0.35208333333333336 0.409375 0.24375
7 0.475 0.6041666666666666 0.46875 0.6104166666666667 0.45625 0.7270833333333333 0.496875 0.7354166666666667 0.5125 0.625 0.509375 0.6125 0.475 0.6041666666666666
11 0.490625 0.15 0.4640625 0.14375 0.44375 0.19583333333333333 0.5046875 0.23541666666666666 0.5234375 0.1875 0.51875 0.17708333333333334 0.490625 0.15
11 0.359375 0.35208333333333336 0.3421875 0.4166666666666667 0.39375 0.43333333333333335 0.4015625 0.36041666666666666 0.359375 0.35208333333333336
10 0.678125 0.31666666666666665 0.59375 0.325 0.5859375 0.3375 0.5875 0.3645833333333333 0.596875 0.3875 0.6765625 0.38125 0.6828125 0.375 0.68125 0.3333333333333333 0.678125 0.31666666666666665
4 0.5671875 0.36041666666666666 0.5484375 0.375 0.54375 0.40625 0.553125 0.4270833333333333 0.56875 0.43125 0.590625 0.4125 0.5953125 0.3875 0.5890625 0.37083333333333335 0.5671875 0.36041666666666666
8 0.6046875 0.40208333333333335 0.5875 0.475 0.63125 0.49166666666666664 0.6453125 0.41875 0.6046875 0.40208333333333335