11 0.384375 0.26875 0.4578125 0.2604166666666667 0.45625 0.20208333333333334 0.425 0.19375 0.4171875 0.19375 0.3796875 0.20625 0.384375 0.26875
11 0.590625 0.6770833333333334 0.6265625 0.6875 0.65625 0.6854166666666667 0.6609375 0.625 0.6015625 0.6166666666666667 0.59375 0.6166666666666667 0.5875 0.66875 0.590625 0.6770833333333334
10 0.33125 0.7020833333333333 0.3328125 0.7458333333333333 0.4234375 0.75 0.425 0.6875 0.35 0.6833333333333333 0.3375 0.6833333333333333 0.3328125 0.6854166666666667 0.33125 0.7020833333333333
7 0.5625 0.74375 0.590625 0.6395833333333333 0.590625 0.625 0.553125 0.6104166666666667 0.5515625 0.6083333333333333 0.5234375 0.7270833333333333 0.5625 0.74375
15 0.490625 0.69375 0.53125 0.68125 0.5328125 0.66875 0.5125 0.5604166666666667 0.503125 0.5604166666666667 0.4703125 0.5708333333333333 0.490625 0.69375
3 0.634375 0.41875 0.653125 0.425 0.6734375 0.37083333333333335 0.596875 0.31875 0.590625 0.31875 0.571875 0.37083333333333335 0.634375 0.41875
13 0.4265625 0.625 0.4671875 0.5958333333333333 0.465625 0.5833333333333334 0.44375 0.54375 0.4421875 0.54375 0.4046875 0.5791666666666667 0.4265625 0.625
1 0.559375 0.525 0.578125 0.5583333333333333 0.5921875 0.5520833333333334 0.615625 0.5270833333333333 0.59375 0.4791666666666667 0.590625 0.4791666666666667 0.55625 0.5083333333333333 0.559375 0.525
5 0.559375 0.31666666666666665 0.56875 0.31875 0.596875 0.25833333333333336 0.5609375 0.22708333333333333 0.559375 0.225 0.5328125 0.28541666666666665 0.559375 0.31666666666666665
9 0.4578125 0.3729166666666667 0.4890625 0.39166666666666666 0.4984375 0.3770833333333333 0.509375 0.32708333333333334 0.4734375 0.30833333333333335 0.4671875 0.30833333333333335 0.453125 0.3645833333333333 0.4578125 0.3729166666666667
2 0.6390625 0.49166666666666664 0.6421875 0.5 0.6515625 0.5 0.671875 0.4479166666666667 0.55625 0.3625 0.553125 0.3625 0.5328125 0.41458333333333336 0.6390625 0.49166666666666664
6 0.4109375 0.4083333333333333 0.4234375 0.45625 0.4625 0.44583333333333336 0.4390625 0.27708333333333335 0.43125 0.2625 0.4265625 0.2625 0.3921875 0.2708333333333333 0.4109375 0.4083333333333333
14 0.3875 0.5395833333333333 0.425 0.53125 0.4296875 0.525 0.3984375 0.34791666666666665 0.396875 0.34791666666666665 0.3578125 0.36041666666666666 0.3875 0.5395833333333333
4 0.3234375 0.4895833333333333 0.328125 0.51875 0.34375 0.53125 0.3609375 0.5291666666666667 0.3765625 0.5104166666666666 0.3734375 0.4791666666666667 0.3578125 0.4666666666666667 0.3484375 0.4666666666666667 0.3328125 0.4708333333333333 0.3234375 0.4895833333333333
8 0.4671875 0.30416666666666664 0.4890625 0.3125 0.515625 0.26666666666666666 0.51875 0.2520833333333333 0.4875 0.21875 0.4828125 0.21875 0.45 0.28125 0.4671875 0.30416666666666664