1 0.4875 0.4166666666666667 0.4625 0.45208333333333334 0.4625 0.4625 0.4875 0.49375 0.4953125 0.49583333333333335 0.5203125 0.45 0.4890625 0.4166666666666667 0.4875 0.4166666666666667
3 0.5359375 0.58125 0.5078125 0.6270833333333333 0.578125 0.7041666666666667 0.6046875 0.6583333333333333 0.5375 0.58125 0.5359375 0.58125
2 0.365625 0.4895833333333333 0.3375 0.5208333333333334 0.3359375 0.53125 0.41875 0.6625 0.425 0.6645833333333333 0.453125 0.6333333333333333 0.4546875 0.6208333333333333 0.3703125 0.4895833333333333 0.365625 0.4895833333333333
5 0.5234375 0.45208333333333334 0.4984375 0.4895833333333333 0.496875 0.5 0.534375 0.5375 0.55625 0.50625 0.559375 0.4875 0.528125 0.45208333333333334 0.5234375 0.45208333333333334
6 0.615625 0.28125 0.5875 0.30625 0.5953125 0.34375 0.65 0.45208333333333334 0.6640625 0.46458333333333335 0.6859375 0.44583333333333336 0.6953125 0.4270833333333333 0.61875 0.28125 0.615625 0.28125
7 0.525 0.30416666666666664 0.4953125 0.3125 0.5046875 0.4270833333333333 0.5171875 0.43333333333333335 0.5453125 0.43125 0.5484375 0.425 0.5375 0.30416666666666664 0.525 0.30416666666666664
11 0.4796875 0.19375 0.478125 0.2625 0.503125 0.2791666666666667 0.515625 0.2791666666666667 0.5234375 0.25625 0.525 0.19791666666666666 0.4890625 0.19375 0.4796875 0.19375
11 0.4890625 0.32708333333333334 0.45 0.3375 0.4515625 0.38958333333333334 0.45625 0.4041666666666667 0.5 0.3958333333333333 0.490625 0.32708333333333334 0.4890625 0.32708333333333334
9 0.6578125 0.17916666666666667 0.628125 0.19583333333333333 0.6203125 0.21458333333333332 0.6375 0.26458333333333334 0.6703125 0.25 0.68125 0.23125 0.665625 0.17916666666666667 0.6578125 0.17916666666666667
10 0.5953125 0.37083333333333335 0.565625 0.37916666666666665 0.571875 0.48541666666666666 0.5765625 0.5 0.615625 0.49583333333333335 0.61875 0.4895833333333333 0.6078125 0.37083333333333335 0.5953125 0.37083333333333335
4 0.5640625 0.30416666666666664 0.55 0.31666666666666665 0.54375 0.3375 0.5484375 0.3645833333333333 0.5609375 0.3770833333333333 0.584375 0.36666666666666664 0.59375 0.3458333333333333 0.5921875 0.32083333333333336 0.575 0.30416666666666664 0.5640625 0.30416666666666664
13 0.5640625 0.5 0.534375 0.5416666666666666 0.5609375 0.58125 0.5703125 0.5833333333333334 0.596875 0.5416666666666666 0.565625 0.5 0.5640625 0.5
14 0.4171875 0.26875 0.384375 0.28125 0.38125 0.28958333333333336 0.415625 0.45 0.425 0.46041666666666664 0.4578125 0.4479166666666667 0.4609375 0.4375 0.4234375 0.26875 0.4171875 0.26875
12 0.3921875 0.6666666666666666 0.365625 0.6729166666666667 0.365625 0.73125 0.459375 0.7270833333333333 0.4578125 0.6666666666666666 0.400390625 0.6666666666666666 0.3921875 0.6666666666666666