5 0.65625 0.54375 0.6671875 0.5854166666666667 0.675 0.5958333333333333 0.703125 0.5895833333333333 0.7203125 0.5770833333333333 0.721875 0.575 0.709375 0.5229166666666667 0.6875 0.5208333333333334 0.6625 0.5333333333333333 0.65625 0.54375
3 0.6390625 0.6729166666666667 0.6484375 0.6770833333333334 0.684375 0.6625 0.684375 0.65 0.6578125 0.5479166666666667 0.6421875 0.5479166666666667 0.6140625 0.5625 0.6390625 0.6729166666666667
2 0.5046875 0.5041666666666667 0.5171875 0.5083333333333333 0.6328125 0.5291666666666667 0.6390625 0.5208333333333334 0.64375 0.48333333333333334 0.64375 0.47291666666666665 0.6015625 0.4583333333333333 0.509375 0.44583333333333336 0.5 0.49583333333333335 0.5046875 0.5041666666666667
6 0.4296875 0.6520833333333333 0.4328125 0.6729166666666667 0.5609375 0.7208333333333333 0.565625 0.7166666666666667 0.575 0.675 0.575 0.66875 0.55 0.6520833333333333 0.4484375 0.6145833333333334 0.4375 0.61875 0.4296875 0.6520833333333333
14 0.4234375 0.3958333333333333 0.5546875 0.4083333333333333 0.559375 0.35833333333333334 0.559375 0.35625 0.5515625 0.34791666666666665 0.421875 0.33541666666666664 0.4171875 0.38958333333333334 0.4234375 0.3958333333333333
12 0.453125 0.5625 0.4734375 0.5125 0.4734375 0.5104166666666666 0.39375 0.4583333333333333 0.3875 0.4583333333333333 0.36875 0.50625 0.453125 0.5625
10 0.340625 0.5583333333333333 0.4140625 0.60625 0.421875 0.6041666666666666 0.4375 0.5625 0.4375 0.55625 0.3609375 0.5041666666666667 0.353125 0.5083333333333333 0.3375 0.5479166666666667 0.340625 0.5583333333333333
11 0.396875 0.3729166666666667 0.4078125 0.32083333333333336 0.4078125 0.31666666666666665 0.3671875 0.29375 0.334375 0.28958333333333336 0.3234375 0.34791666666666665 0.396875 0.3729166666666667
11 0.5828125 0.5604166666666667 0.5828125 0.55625 0.5234375 0.5166666666666667 0.50625 0.5666666666666667 0.5609375 0.60625 0.5828125 0.5604166666666667
13 0.5640625 0.6583333333333333 0.56875 0.6645833333333333 0.609375 0.675 0.6203125 0.6229166666666667 0.6203125 0.6208333333333333 0.6109375 0.6104166666666667 0.5734375 0.6020833333333333 0.56875 0.60625 0.5640625 0.6583333333333333
1 0.496875 0.5854166666666667 0.5140625 0.5375 0.5140625 0.53125 0.4875 0.5104166666666666 0.475 0.5083333333333333 0.4578125 0.5604166666666667 0.496875 0.5854166666666667
7 0.409375 0.4666666666666667 0.484375 0.5083333333333333 0.4953125 0.4979166666666667 0.503125 0.4666666666666667 0.503125 0.45416666666666666 0.4296875 0.4125 0.415625 0.41875 0.4046875 0.45208333333333334 0.409375 0.4666666666666667
9 0.571875 0.30416666666666664 0.571875 0.3020833333333333 0.5484375 0.2520833333333333 0.509375 0.2833333333333333 0.53125 0.33958333333333335 0.571875 0.30416666666666664
4 0.359375 0.4125 0.3625 0.4354166666666667 0.3796875 0.45208333333333334 0.4 0.45 0.4109375 0.4270833333333333 0.4109375 0.4166666666666667 0.40625 0.40208333333333335 0.3921875 0.3875 0.3734375 0.38958333333333334 0.359375 0.4125
8 0.6171875 0.4166666666666667 0.6171875 0.4041666666666667 0.5640625 0.3854166666666667 0.5515625 0.44166666666666665 0.60625 0.4583333333333333 0.6171875 0.4166666666666667