2 0.6100640625 0.3201291666666667 0.693771875 0.16721458333333333 0.6568328125 0.13464583333333333 0.575509375 0.28716458333333333 0.6100640625 0.3201291666666667
11 0.5014828125 0.19483541666666668 0.47774374999999997 0.23527916666666665 0.50649375 0.2788895833333333 0.533134375 0.23914791666666665 0.5550265624999999 0.2145291666666667 0.5244296875 0.17232708333333333 0.5014828125 0.19483541666666668
14 0.43481718750000004 0.41892708333333334 0.46837343750000004 0.38398958333333333 0.3791953125 0.24118124999999999 0.348396875 0.2761166666666667 0.43481718750000004 0.41892708333333334
6 0.5515765625 0.3885875 0.5699640625 0.33924791666666665 0.4474578125 0.25865 0.4293 0.30798958333333337 0.5515765625 0.3885875
11 0.38448125 0.4388458333333333 0.41574062500000003 0.4811375 0.44837812499999996 0.4412979166666667 0.395284375 0.36682916666666665 0.3628765625 0.4048291666666667 0.38448125 0.4388458333333333
5 0.499403125 0.4265875 0.5387062499999999 0.44987916666666666 0.55709375 0.39655416666666665 0.5173296875 0.37295833333333334 0.499403125 0.4265875
4 0.6000734375000001 0.44037916666666665 0.6379984375000001 0.3775541666666667 0.6026015625000001 0.3383291666666667 0.5651375 0.3999270833333333 0.6000734375000001 0.44037916666666665
10 0.5966265625 0.4891041666666667 0.6357 0.5133145833333334 0.6743125 0.4051354166666667 0.6363890624999999 0.38061875 0.5966265625 0.4891041666666667
8 0.5313515625 0.48665416666666667 0.5665171875 0.5136208333333333 0.5950171875 0.4471208333333333 0.560540625 0.4213791666666667 0.5313515625 0.48665416666666667
12 0.5177906250000001 0.5583645833333333 0.6113359375 0.5758333333333333 0.6138640625 0.5209770833333333 0.52330625 0.5019770833333334 0.5177906250000001 0.5583645833333333
3 0.5210078125 0.7002541666666667 0.5628390624999999 0.67726875 0.526984375 0.5675583333333333 0.4874515625 0.5856395833333334 0.5210078125 0.7002541666666667
7 0.4527453125 0.7814645833333334 0.4954953125 0.7762541666666666 0.48561249999999995 0.6521395833333333 0.44309062499999996 0.65643125 0.4527453125 0.7814645833333334
9 0.324721875 0.6187354166666666 0.367703125 0.6254791666666667 0.37252968750000004 0.5678645833333333 0.330009375 0.5614291666666666 0.324721875 0.6187354166666666
1 0.3688515625 0.5151541666666667 0.3929859375 0.5595895833333333 0.4274625 0.5240416666666666 0.4017203125 0.4842020833333333 0.3688515625 0.5151541666666667
13 0.4601 0.5274125 0.504 0.5231208333333334 0.5017015625 0.4655083333333333 0.45849062500000004 0.4685729166666667 0.4601 0.5274125