9 0.5953125 0.28958333333333336 0.6265625 0.24166666666666667 0.6265625 0.23333333333333334 0.5953125 0.19791666666666666 0.59375 0.19791666666666666 0.56875 0.23125 0.5625 0.2520833333333333 0.590625 0.28958333333333336 0.5953125 0.28958333333333336
10 0.5875 0.18333333333333332 0.559375 0.15208333333333332 0.5578125 0.15208333333333332 0.496875 0.24166666666666667 0.528125 0.28125 0.590625 0.19583333333333333 0.5875 0.18333333333333332
11 0.59375 0.6145833333333334 0.5375 0.5979166666666667 0.5359375 0.5958333333333333 0.5265625 0.6541666666666667 0.55 0.6666666666666666 0.584375 0.6729166666666667 0.59375 0.6145833333333334
11 0.6359375 0.4875 0.5984375 0.4666666666666667 0.5953125 0.4666666666666667 0.58125 0.525 0.59375 0.5375 0.625 0.5479166666666667 0.6359375 0.4875
1 0.58125 0.5 0.5609375 0.46458333333333335 0.559375 0.4625 0.525 0.49583333333333335 0.5484375 0.5416666666666666 0.5828125 0.5145833333333333 0.58125 0.5
3 0.50625 0.3854166666666667 0.5 0.2625 0.4875 0.2625 0.45625 0.26666666666666666 0.4546875 0.275 0.4640625 0.39166666666666666 0.50625 0.3854166666666667
2 0.5125 0.4479166666666667 0.515625 0.4270833333333333 0.5078125 0.3875 0.5 0.3875 0.378125 0.42083333333333334 0.375 0.43125 0.3828125 0.4791666666666667 0.5125 0.4479166666666667
13 0.4671875 0.5208333333333334 0.46875 0.5041666666666667 0.459375 0.4625 0.446875 0.4625 0.4171875 0.475 0.421875 0.51875 0.428125 0.53125 0.4671875 0.5208333333333334
14 0.378125 0.49166666666666664 0.365625 0.325 0.3640625 0.3145833333333333 0.3578125 0.3104166666666667 0.353125 0.3104166666666667 0.31875 0.31875 0.3328125 0.49583333333333335 0.3375 0.5 0.378125 0.49166666666666664
15 0.51875 0.5083333333333333 0.5140625 0.5020833333333333 0.5109375 0.5020833333333333 0.471875 0.5125 0.4890625 0.6333333333333333 0.5296875 0.6229166666666667 0.51875 0.5083333333333333
4 0.390625 0.55625 0.4109375 0.55 0.421875 0.5333333333333333 0.4171875 0.5020833333333333 0.4046875 0.49166666666666664 0.39609375 0.49166666666666664 0.3796875 0.49583333333333335 0.371875 0.5145833333333333 0.375 0.54375 0.390625 0.55625
5 0.5640625 0.40208333333333335 0.5640625 0.3875 0.5484375 0.34791666666666665 0.546875 0.3458333333333333 0.5078125 0.36875 0.5125 0.4 0.525 0.4270833333333333 0.5640625 0.40208333333333335
6 0.4609375 0.6833333333333333 0.48125 0.6458333333333334 0.4828125 0.6333333333333333 0.371875 0.54375 0.3640625 0.54375 0.34375 0.5875 0.3453125 0.5958333333333333 0.43125 0.6666666666666666 0.4609375 0.6833333333333333
7 0.640625 0.48125 0.65625 0.4270833333333333 0.5765625 0.38333333333333336 0.571875 0.38333333333333336 0.55625 0.42916666666666664 0.5578125 0.44166666666666665 0.6265625 0.48125 0.640625 0.48125
8 0.3875 0.70625 0.384375 0.6333333333333333 0.3796875 0.63125 0.378125 0.63125 0.3390625 0.6375 0.3375 0.6916666666666667 0.3421875 0.7125 0.3875 0.70625