3 0.5984375 0.34791666666666665 0.6546875 0.2625 0.6546875 0.25625 0.6234375 0.22083333333333333 0.621875 0.21875 0.5640625 0.30625 0.565625 0.32083333333333336 0.5890625 0.35 0.5984375 0.34791666666666665
1 0.5453125 0.4 0.546875 0.3854166666666667 0.5125 0.3625 0.5109375 0.3625 0.490625 0.4125 0.5 0.425 0.528125 0.4395833333333333 0.5453125 0.4
2 0.4890625 0.4083333333333333 0.5015625 0.36875 0.525 0.24166666666666667 0.51875 0.23125 0.4890625 0.22083333333333333 0.4828125 0.22083333333333333 0.4484375 0.3854166666666667 0.45 0.4 0.4765625 0.41041666666666665 0.4890625 0.4083333333333333
5 0.540625 0.375 0.5515625 0.36041666666666666 0.5625 0.325 0.5625 0.30833333333333335 0.525 0.28958333333333336 0.521875 0.28958333333333336 0.515625 0.29583333333333334 0.509375 0.32083333333333336 0.50625 0.35625 0.540625 0.375
4 0.4484375 0.65625 0.4703125 0.6520833333333333 0.48125 0.6291666666666667 0.478125 0.6041666666666666 0.4625 0.5895833333333333 0.45625 0.5895833333333333 0.440625 0.5979166666666667 0.4328125 0.6145833333333334 0.434375 0.6375 0.4484375 0.65625
6 0.6734375 0.60625 0.559375 0.5104166666666666 0.55625 0.5104166666666666 0.534375 0.5604166666666667 0.6421875 0.6541666666666667 0.6515625 0.6541666666666667 0.6734375 0.60625
7 0.5703125 0.6520833333333333 0.578125 0.6104166666666667 0.575 0.5979166666666667 0.496875 0.5729166666666666 0.490625 0.5729166666666666 0.4828125 0.6104166666666667 0.484375 0.6354166666666666 0.5515625 0.65625 0.5703125 0.6520833333333333
8 0.4484375 0.3 0.4403125 0.3 0.4046875 0.30416666666666664 0.4078125 0.37916666666666665 0.4484375 0.3770833333333333 0.4484375 0.3
13 0.528125 0.53125 0.50625 0.48333333333333334 0.5015625 0.48333333333333334 0.4703125 0.5125 0.490625 0.5604166666666667 0.4984375 0.5604166666666667 0.528125 0.53125
14 0.4671875 0.7916666666666666 0.5796875 0.7104166666666667 0.58125 0.7041666666666667 0.5609375 0.6583333333333333 0.559375 0.65625 0.44375 0.7395833333333334 0.44375 0.7520833333333333 0.4578125 0.7916666666666666 0.4671875 0.7916666666666666
15 0.465625 0.5208333333333334 0.4453125 0.40208333333333335 0.4390625 0.40208333333333335 0.4015625 0.41458333333333336 0.4203125 0.53125 0.4265625 0.5375 0.465625 0.5208333333333334
11 0.496875 0.48541666666666666 0.515625 0.46041666666666664 0.515625 0.45208333333333334 0.4890625 0.4125 0.484375 0.4125 0.4546875 0.45 0.459375 0.48333333333333334 0.471875 0.5041666666666667 0.496875 0.48541666666666666
11 0.4875 0.7041666666666667 0.471875 0.6541666666666667 0.4671875 0.6541666666666667 0.45 0.6604166666666667 0.421875 0.6833333333333333 0.4421875 0.7395833333333334 0.4875 0.7041666666666667
9 0.628125 0.48125 0.6109375 0.42916666666666664 0.60625 0.42916666666666664 0.5703125 0.45625 0.5796875 0.49375 0.590625 0.5083333333333333 0.628125 0.48125
10 0.3734375 0.5083333333333333 0.38125 0.5 0.3734375 0.38125 0.3625 0.38125 0.3296875 0.3854166666666667 0.334375 0.5041666666666667 0.340625 0.5125 0.3734375 0.5083333333333333