10 0.329140625 0.21986041666666667 0.3577796875 0.27019791666666665 0.4298125 0.20105625000000002 0.40117343749999995 0.14898541666666668 0.329140625 0.21986041666666667
7 0.444836134375 0.2107177375 0.431115625 0.2681729166666667 0.519203125 0.3054895833333333 0.5315703125 0.24734375 0.444836134375 0.2107177375
3 0.33781875 0.3309479166666666 0.3616859375 0.37897083333333337 0.43675625 0.3153270833333333 0.4133234375 0.266725 0.33781875 0.3309479166666666
12 0.48231875 0.3940125 0.5150812499999999 0.43538125 0.5784359375 0.3419416666666667 0.5463250000000001 0.3031770833333333 0.48231875 0.3940125
14 0.54025 0.4154208333333333 0.574746875 0.45129375 0.661534375 0.3072270833333333 0.6274703125000001 0.27164375 0.54025 0.4154208333333333
2 0.46669687499999996 0.5059625 0.5053171875 0.48108958333333335 0.4506421875 0.3187979166666667 0.41072031249999996 0.3393375 0.46669687499999996 0.5059625
5 0.6042546875 0.4721166666666667 0.6489499999999999 0.46633125 0.64439375 0.40789375 0.59883125 0.4131 0.6042546875 0.4721166666666667
4 0.3729671875 0.4758833333333333 0.3612515625 0.48166875 0.351921875 0.4935291666666667 0.34996875 0.5077041666666667 0.3517046875 0.5227479166666666 0.3627703125 0.5351874999999999 0.3764390625 0.5372125000000001 0.386853125 0.5314270833333333 0.392278125 0.5233270833333333 0.394446875 0.49931458333333334 0.38880625 0.4851395833333333 0.37622187500000004 0.47646041666666666 0.3729671875 0.4758833333333333
9 0.4840546875 0.5259291666666667 0.5172515625 0.5600666666666666 0.5424187500000001 0.51406875 0.510090625 0.48166875 0.4840546875 0.5259291666666667
1 0.543721875 0.5276645833333333 0.58125625 0.5537020833333333 0.5992656249999999 0.50191875 0.5628140625 0.47848541666666666 0.543721875 0.5276645833333333
13 0.46105625000000006 0.5808958333333333 0.49338437500000004 0.6147416666666667 0.5185531250000001 0.5687458333333333 0.486225 0.5372125000000001 0.46105625000000006 0.5808958333333333
11 0.391409375 0.5840770833333334 0.4237375 0.6321 0.45606562500000003 0.5892854166666667 0.42135156250000005 0.5438666666666666 0.391409375 0.5840770833333334
11 0.567153125 0.57655625 0.605340625 0.624 0.6344140625 0.5808958333333333 0.596878125 0.5314270833333333 0.567153125 0.57655625
6 0.43545468749999994 0.626025 0.5152984375 0.7738520833333333 0.550446875 0.7385583333333333 0.4684328125 0.5944916666666666 0.43545468749999994 0.626025
8 0.5795203124999999 0.7290125 0.6094625 0.7721166666666667 0.6526390625 0.7171500000000001 0.6222640625 0.6752041666666667 0.5795203124999999 0.7290125