2 0.56875 0.3047625 0.646875 0.35267916666666665 0.6640625 0.35684583333333336 0.684375 0.37559583333333335 0.69375 0.37142916666666664 0.709375 0.3276791666666667 0.709375 0.31934583333333333 0.590625 0.24642916666666667 0.5828125 0.2485125 0.565625 0.28809583333333333 0.56875 0.3047625
6 0.5546875 0.6229166666666667 0.5484375 0.63125 0.5484375 0.6458333333333334 0.5578125 0.6666666666666666 0.575 0.68125 0.6796875 0.5708333333333333 0.6796875 0.56875 0.6625 0.5375 0.653125 0.525 0.646875 0.525 0.5546875 0.6229166666666667
11 0.659375 0.5020833333333333 0.6875 0.48541666666666666 0.7171875 0.45625 0.7171875 0.45 0.6953125 0.40625 0.690625 0.40625 0.6375 0.45416666666666666 0.659375 0.5020833333333333
11 0.5046875 0.3854166666666667 0.5234375 0.3729166666666667 0.5234375 0.37083333333333335 0.515625 0.32083333333333336 0.4609375 0.325 0.4671875 0.38958333333333334 0.5046875 0.3854166666666667
14 0.453125 0.4125 0.453125 0.41875 0.4640625 0.46041666666666664 0.4734375 0.46458333333333335 0.596875 0.41041666666666665 0.596875 0.4 0.584375 0.35625 0.575 0.3541666666666667 0.4703125 0.40208333333333335 0.453125 0.4125
12 0.584375 0.4354166666666667 0.5984375 0.45208333333333334 0.6015625 0.46458333333333335 0.6140625 0.475 0.6875 0.4083333333333333 0.6875 0.40625 0.66875 0.36875 0.6578125 0.3625 0.5875 0.42291666666666666 0.584375 0.4354166666666667
13 0.59375 0.5541666666666667 0.625 0.54375 0.6359375 0.5333333333333333 0.6359375 0.5270833333333333 0.6203125 0.4791666666666667 0.590625 0.4895833333333333 0.5765625 0.5020833333333333 0.59375 0.5541666666666667
5 0.5875 0.5854166666666667 0.5875 0.5770833333333333 0.5578125 0.5354166666666667 0.5234375 0.575 0.5515625 0.6229166666666667 0.5875 0.5854166666666667
1 0.5546875 0.66875 0.5546875 0.6645833333333333 0.528125 0.6125 0.49375 0.6458333333333334 0.51875 0.6979166666666666 0.5546875 0.66875
10 0.490625 0.59375 0.5 0.6 0.5640625 0.5229166666666667 0.5640625 0.51875 0.5375 0.48125 0.53125 0.48125 0.4703125 0.5604166666666667 0.490625 0.59375
9 0.378125 0.5166666666666667 0.4 0.54375 0.434375 0.50625 0.434375 0.5020833333333333 0.40625 0.4625 0.4 0.4625 0.371875 0.5 0.378125 0.5166666666666667
7 0.35 0.36666666666666664 0.359375 0.45625 0.4046875 0.45208333333333334 0.4046875 0.44166666666666665 0.396875 0.3333333333333333 0.3875 0.32916666666666666 0.3515625 0.33541666666666664 0.35 0.36666666666666664
4 0.3609375 0.5854166666666667 0.371875 0.6020833333333333 0.3859375 0.60625 0.403125 0.5958333333333333 0.4109375 0.5791666666666667 0.4109375 0.5604166666666667 0.3921875 0.5395833333333333 0.375 0.5416666666666666 0.3609375 0.5625 0.3609375 0.5854166666666667
3 0.409375 0.54375 0.4375 0.5854166666666667 0.5046875 0.5125 0.5046875 0.5041666666666667 0.484375 0.4708333333333333 0.4765625 0.4666666666666667 0.421875 0.5229166666666667 0.409375 0.54375
8 0.446875 0.66875 0.4875 0.66875 0.4921875 0.6458333333333334 0.4921875 0.6416666666666667 0.4875 0.5916666666666667 0.4453125 0.5916666666666667 0.4421875 0.6541666666666667 0.446875 0.66875