8 0.403125 0.3541666666666667 0.4078125 0.37916666666666665 0.446875 0.37916666666666665 0.4515625 0.33958333333333335 0.4484375 0.3 0.4403125 0.3 0.4046875 0.30416666666666664 0.403125 0.3541666666666667
11 0.4703125 0.5041666666666667 0.496875 0.48541666666666666 0.515625 0.46041666666666664 0.5109375 0.44375 0.4875 0.4125 0.4859375 0.41041666666666665 0.446875 0.46041666666666664 0.4703125 0.5041666666666667
11 0.421875 0.6833333333333333 0.4421875 0.7395833333333334 0.453125 0.7354166666666667 0.4890625 0.7 0.471875 0.6541666666666667 0.4703125 0.6520833333333333 0.45 0.6604166666666667 0.421875 0.6833333333333333
9 0.5796875 0.49375 0.590625 0.5083333333333333 0.628125 0.48125 0.628125 0.4708333333333333 0.6109375 0.42916666666666664 0.60625 0.42916666666666664 0.5703125 0.45625 0.5796875 0.49375
13 0.4703125 0.5208333333333334 0.490625 0.5604166666666667 0.4984375 0.5604166666666667 0.528125 0.5333333333333333 0.525 0.5166666666666667 0.50625 0.48333333333333334 0.5015625 0.48333333333333334 0.4703125 0.5104166666666666 0.4703125 0.5208333333333334
5 0.50625 0.35833333333333334 0.54375 0.3729166666666667 0.553125 0.35833333333333334 0.5609375 0.3104166666666667 0.528125 0.2916666666666667 0.51875 0.2916666666666667 0.509375 0.31666666666666665 0.50625 0.35833333333333334
1 0.5015625 0.4270833333333333 0.528125 0.4395833333333333 0.5453125 0.4 0.546875 0.3854166666666667 0.5140625 0.3625 0.509375 0.3625 0.490625 0.4125 0.5015625 0.4270833333333333
3 0.55625 0.3645833333333333 0.5859375 0.39166666666666666 0.59375 0.3875 0.6453125 0.29583333333333334 0.6140625 0.25833333333333336 0.609375 0.25833333333333336 0.55625 0.3541666666666667 0.55625 0.3645833333333333
6 0.5375 0.5666666666666667 0.6421875 0.6541666666666667 0.6515625 0.6541666666666667 0.6734375 0.60625 0.5609375 0.5125 0.5546875 0.5125 0.534375 0.55625 0.5375 0.5666666666666667
10 0.334375 0.5041666666666667 0.340625 0.5125 0.371875 0.5083333333333333 0.38125 0.5 0.3734375 0.38125 0.3640625 0.38125 0.3296875 0.3854166666666667 0.334375 0.5041666666666667
14 0.44375 0.7416666666666667 0.45625 0.7875 0.4671875 0.7916666666666666 0.5796875 0.7104166666666667 0.58125 0.7041666666666667 0.5609375 0.6583333333333333 0.559375 0.65625 0.490625 0.7020833333333333 0.44375 0.7416666666666667
4 0.4328125 0.6145833333333334 0.434375 0.6375 0.4484375 0.65625 0.4703125 0.6520833333333333 0.48125 0.6291666666666667 0.478125 0.6041666666666666 0.4625 0.5895833333333333 0.45625 0.5895833333333333 0.440625 0.5979166666666667 0.4328125 0.6145833333333334
7 0.484375 0.6354166666666666 0.5484375 0.6541666666666667 0.5703125 0.6520833333333333 0.578125 0.6104166666666667 0.575 0.5979166666666667 0.496875 0.5729166666666666 0.4921875 0.5729166666666666 0.4828125 0.6104166666666667 0.484375 0.6354166666666666
15 0.45625 0.38125 0.490625 0.38958333333333334 0.5140625 0.26458333333333334 0.478125 0.24791666666666667 0.4703125 0.24791666666666667 0.4484375 0.37083333333333335 0.45625 0.38125