11 0.6604171875 0.7388895833333333 0.6947921874999999 0.7791666666666667 0.7427078125000001 0.7291666666666666 0.703125 0.6888895833333333 0.6916671875 0.6777770833333334 0.6604171875 0.7388895833333333
6 0.7791671874999999 0.5416666666666666 0.7864578125 0.48055625 0.6447921875 0.4472229166666667 0.6375 0.5083333333333333 0.7791671874999999 0.5416666666666666
14 0.6 0.5611104166666667 0.7354171875 0.6166666666666667 0.7458328125 0.575 0.746875 0.5638895833333333 0.6135421875 0.5013895833333334 0.6 0.5611104166666667
9 0.6375 0.65 0.6104171875 0.5986104166666667 0.5729171875 0.6263895833333333 0.596875 0.68055625 0.6375 0.65
11 0.6760421875 0.39305625 0.6833328125 0.3333333333333333 0.628125 0.32777708333333333 0.6166671874999999 0.3861104166666667 0.6760421875 0.39305625
13 0.6135421875 0.4472229166666667 0.609375 0.38888958333333334 0.5635421875 0.3861104166666667 0.5666671875 0.45138958333333334 0.6135421875 0.4472229166666667
5 0.5895828125 0.3875 0.58125 0.3236104166666667 0.534375 0.33194375 0.540625 0.39444375 0.5895828125 0.3875
2 0.41354218749999994 0.35694375 0.55 0.33055625 0.5447921874999999 0.27222291666666665 0.54375 0.2736104166666667 0.40625 0.3027770833333333 0.41354218749999994 0.35694375
8 0.5145828125 0.50694375 0.5520828125 0.5361104166666667 0.5802078125000001 0.46527708333333334 0.5458328125 0.43888958333333333 0.5145828125 0.50694375
1 0.5364578125 0.6111104166666668 0.5427078125 0.5527770833333334 0.49791718749999997 0.5402770833333334 0.4895828125 0.6013895833333333 0.5364578125 0.6111104166666668
7 0.5625 0.6763895833333333 0.5677078125 0.61805625 0.47291718749999995 0.6097229166666666 0.46979218749999996 0.6652770833333334 0.5625 0.6763895833333333
12 0.47291718749999995 0.5375 0.45520781250000003 0.55 0.43645781250000004 0.5416666666666666 0.42291718749999996 0.5208333333333334 0.421875 0.49861041666666667 0.40416718749999997 0.49166666666666664 0.3979171875 0.5611104166666667 0.4947921875 0.5736104166666667 0.5010421875 0.5138895833333333 0.48541718749999996 0.5083333333333333 0.48541718749999996 0.525 0.47291718749999995 0.5375
4 0.4583328125 0.44166666666666665 0.453125 0.4666666666666667 0.465625 0.49305625000000003 0.48333281250000004 0.49583333333333335 0.5 0.48194375 0.5010421875 0.45 0.4895828125 0.43333333333333335 0.471875 0.43333333333333335 0.4583328125 0.44166666666666665
3 0.371875 0.6722229166666666 0.409375 0.7013895833333332 0.45104218749999997 0.59305625 0.41354218749999994 0.5722229166666666 0.4114578125 0.5777770833333334 0.41354218749999994 0.5611104166666667 0.371875 0.6722229166666666
10 0.41875 0.425 0.3708328125 0.3222229166666667 0.328125 0.3513895833333333 0.3802078125 0.4583333333333333 0.41875 0.425