12 0.33125 0.35208333333333336 0.346875 0.4166666666666667 0.35 0.46458333333333335 0.365625 0.4666666666666667 0.3953125 0.45625 0.390625 0.39791666666666664 0.378125 0.3416666666666667 0.3734375 0.33541666666666664 0.3625 0.33541666666666664 0.3296875 0.35 0.33125 0.35208333333333336
1 0.41875 0.4791666666666667 0.446875 0.5125 0.4546875 0.5125 0.48125 0.475 0.45625 0.4395833333333333 0.44375 0.4354166666666667 0.41875 0.475 0.41875 0.4791666666666667
3 0.4671875 0.5395833333333333 0.5265625 0.6270833333333333 0.5578125 0.5916666666666667 0.55625 0.5791666666666667 0.5 0.5 0.4671875 0.5375 0.4671875 0.5395833333333333
2 0.3375 0.6270833333333333 0.353125 0.6729166666666667 0.3578125 0.675 0.475 0.60625 0.48125 0.59375 0.4703125 0.5625 0.459375 0.5479166666666667 0.3375 0.6208333333333333 0.3375 0.6270833333333333
5 0.5046875 0.4083333333333333 0.515625 0.41875 0.5515625 0.41875 0.5546875 0.35833333333333334 0.509375 0.3541666666666667 0.5046875 0.4041666666666667 0.5046875 0.4083333333333333
7 0.39375 0.40208333333333335 0.4328125 0.43333333333333335 0.478125 0.33125 0.4421875 0.3020833333333333 0.39375 0.39791666666666664 0.39375 0.40208333333333335
6 0.496875 0.35208333333333336 0.6 0.3541666666666667 0.6296875 0.3625 0.634375 0.35625 0.6359375 0.30625 0.5015625 0.29583333333333334 0.496875 0.33958333333333335 0.496875 0.35208333333333336
8 0.609375 0.6125 0.6140625 0.65625 0.65 0.6541666666666667 0.659375 0.6479166666666667 0.659375 0.5979166666666667 0.6515625 0.575 0.6109375 0.5791666666666667 0.609375 0.6020833333333333 0.609375 0.6125
4 0.46875 0.4479166666666667 0.48125 0.4708333333333333 0.496875 0.475 0.5140625 0.4583333333333333 0.5171875 0.43333333333333335 0.50625 0.4125 0.484375 0.41041666666666665 0.4734375 0.42083333333333334 0.46875 0.4375 0.46875 0.4479166666666667
9 0.5546875 0.41458333333333336 0.6 0.41875 0.6046875 0.3625 0.5578125 0.35625 0.5546875 0.4 0.5546875 0.41458333333333336
10 0.5125 0.6541666666666667 0.528125 0.6833333333333333 0.5421875 0.6958333333333333 0.6015625 0.6291666666666667 0.60625 0.6125 0.578125 0.575 0.5109375 0.6520833333333333 0.5125 0.6541666666666667
11 0.4953125 0.4875 0.5296875 0.5354166666666667 0.5609375 0.5020833333333333 0.5328125 0.45 0.51875 0.45625 0.4953125 0.48541666666666666 0.4953125 0.4875
11 0.590625 0.5125 0.6234375 0.55625 0.659375 0.50625 0.6296875 0.46458333333333335 0.590625 0.5083333333333333 0.590625 0.5125
14 0.2984375 0.5395833333333333 0.4328125 0.5625 0.4375 0.55625 0.440625 0.5083333333333333 0.43125 0.5 0.303125 0.48541666666666666 0.2984375 0.53125 0.2984375 0.5395833333333333
13 0.5375 0.4583333333333333 0.5625 0.4979166666666667 0.596875 0.4625 0.571875 0.41875 0.5609375 0.42291666666666666 0.5375 0.45 0.5375 0.4583333333333333