14 0.3625 0.525 0.36875 0.525 0.4421875 0.37916666666666665 0.4421875 0.3729166666666667 0.409375 0.3458333333333333 0.4078125 0.34375 0.33125 0.49166666666666664 0.3625 0.525
13 0.4578125 0.5604166666666667 0.4828125 0.5104166666666666 0.45 0.4791666666666667 0.446875 0.4791666666666667 0.421875 0.53125 0.4578125 0.5604166666666667
15 0.453125 0.7 0.5375 0.6604166666666667 0.525 0.6041666666666666 0.5171875 0.6041666666666666 0.4375 0.64375 0.453125 0.7
4 0.4984375 0.5166666666666667 0.5 0.5395833333333333 0.5140625 0.55625 0.5359375 0.5520833333333334 0.546875 0.5291666666666667 0.5421875 0.5020833333333333 0.5296875 0.49166666666666664 0.521875 0.49166666666666664 0.50625 0.4979166666666667 0.4984375 0.5166666666666667
8 0.565625 0.3125 0.571875 0.29791666666666666 0.5796875 0.23541666666666666 0.5453125 0.22291666666666668 0.5359375 0.22291666666666668 0.525 0.3 0.565625 0.3125
3 0.5734375 0.37083333333333335 0.596875 0.41875 0.6265625 0.4625 0.65625 0.4354166666666667 0.6609375 0.42291666666666666 0.6078125 0.33125 0.60625 0.33125 0.5765625 0.36041666666666666 0.5734375 0.37083333333333335
2 0.5484375 0.44375 0.6328125 0.5666666666666667 0.6421875 0.5708333333333333 0.6703125 0.5375 0.6703125 0.53125 0.58125 0.4 0.5796875 0.4 0.5484375 0.4375 0.5484375 0.44375
9 0.509375 0.46458333333333335 0.5296875 0.4270833333333333 0.5328125 0.41041666666666665 0.5015625 0.3854166666666667 0.4953125 0.3854166666666667 0.4734375 0.43333333333333335 0.509375 0.46458333333333335
11 0.559375 0.68125 0.59375 0.6895833333333333 0.6265625 0.6833333333333333 0.6265625 0.6229166666666667 0.618359375 0.6229166666666667 0.5609375 0.6229166666666667 0.559375 0.68125
11 0.4703125 0.3333333333333333 0.4859375 0.38958333333333334 0.5546875 0.35625 0.546875 0.32083333333333336 0.528125 0.30416666666666664 0.51875 0.30416666666666664 0.5 0.3104166666666667 0.4703125 0.3333333333333333
5 0.575 0.28125 0.5765625 0.2916666666666667 0.6046875 0.32083333333333336 0.640625 0.2708333333333333 0.6109375 0.22916666666666666 0.6046875 0.22916666666666666 0.58125 0.2625 0.575 0.28125
7 0.44375 0.73125 0.4453125 0.74375 0.4703125 0.7729166666666667 0.4765625 0.7729166666666667 0.53125 0.6895833333333333 0.5328125 0.6791666666666667 0.528125 0.6708333333333333 0.51875 0.6708333333333333 0.4640625 0.7 0.44375 0.73125
6 0.3375 0.5041666666666667 0.3984375 0.55625 0.4109375 0.55 0.4234375 0.5166666666666667 0.478125 0.4125 0.471875 0.39791666666666664 0.4109375 0.3458333333333333 0.40625 0.3458333333333333 0.33125 0.4895833333333333 0.3375 0.5041666666666667
1 0.4578125 0.5708333333333333 0.48125 0.6041666666666666 0.490625 0.60625 0.515625 0.5729166666666666 0.515625 0.5625 0.4875 0.5270833333333333 0.48125 0.5270833333333333 0.4578125 0.5625 0.4578125 0.5708333333333333
10 0.3328125 0.74375 0.4234375 0.7479166666666667 0.4265625 0.6895833333333333 0.390625 0.6833333333333333 0.3828125 0.6833333333333333 0.3359375 0.6833333333333333 0.3328125 0.74375