4 0.384375 0.3875 0.39375 0.41041666666666665 0.4171875 0.42083333333333334 0.4328125 0.41041666666666665 0.4359375 0.38125 0.421875 0.3541666666666667 0.4109375 0.35 0.4078125 0.35 0.3921875 0.35833333333333334 0.384375 0.3875
15 0.4421875 0.3104166666666667 0.4625 0.3458333333333333 0.4703125 0.3458333333333333 0.5078125 0.3020833333333333 0.5359375 0.28125 0.5390625 0.26875 0.5140625 0.22291666666666668 0.509375 0.22291666666666668 0.4390625 0.29583333333333334 0.4421875 0.3104166666666667
14 0.578125 0.5291666666666667 0.60625 0.5229166666666667 0.6203125 0.5125 0.5875 0.3375 0.5828125 0.3375 0.5453125 0.3541666666666667 0.578125 0.5291666666666667
1 0.5515625 0.6625 0.565625 0.6645833333333333 0.5765625 0.6375 0.5796875 0.6125 0.5453125 0.5895833333333333 0.5421875 0.5895833333333333 0.525 0.6416666666666667 0.5515625 0.6625
3 0.4890625 0.6354166666666666 0.5015625 0.6458333333333334 0.5296875 0.6145833333333334 0.53125 0.60625 0.475 0.51875 0.4703125 0.51875 0.440625 0.5583333333333333 0.4890625 0.6354166666666666
2 0.603125 0.3958333333333333 0.6453125 0.38125 0.6265625 0.2 0.6125 0.2 0.58125 0.21041666666666667 0.603125 0.3958333333333333
5 0.5140625 0.45625 0.521875 0.5 0.546875 0.5020833333333333 0.5453125 0.49583333333333335 0.565625 0.4895833333333333 0.5640625 0.45208333333333334 0.5578125 0.42916666666666664 0.5484375 0.42916666666666664 0.515625 0.4375 0.5140625 0.45625
6 0.39375 0.6083333333333333 0.4890625 0.71875 0.496875 0.7208333333333333 0.521875 0.6770833333333334 0.4234375 0.5604166666666667 0.41875 0.5604166666666667 0.396875 0.5916666666666667 0.39375 0.6083333333333333
7 0.409375 0.53125 0.4171875 0.5354166666666667 0.4421875 0.5104166666666666 0.446875 0.49583333333333335 0.390625 0.4083333333333333 0.3875 0.4083333333333333 0.3578125 0.44375 0.409375 0.53125
8 0.615625 0.6625 0.634375 0.6583333333333333 0.6421875 0.6020833333333333 0.5921875 0.5875 0.5859375 0.5875 0.5796875 0.6479166666666667 0.615625 0.6625
9 0.5453125 0.5833333333333334 0.571875 0.5354166666666667 0.540625 0.5041666666666667 0.534375 0.5041666666666667 0.5109375 0.55 0.5453125 0.5833333333333334
10 0.4875 0.325 0.4890625 0.3458333333333333 0.5015625 0.375 0.5640625 0.33958333333333335 0.5828125 0.3229166666666667 0.5640625 0.26875 0.5609375 0.26875 0.5078125 0.30416666666666664 0.4875 0.325
11 0.4796875 0.4979166666666667 0.5 0.4395833333333333 0.4515625 0.4166666666666667 0.45 0.4166666666666667 0.4328125 0.4708333333333333 0.4796875 0.4979166666666667
11 0.459375 0.7541666666666667 0.484375 0.8041666666666667 0.5234375 0.7770833333333333 0.5015625 0.7229166666666667 0.4984375 0.7229166666666667 0.4671875 0.7416666666666667 0.459375 0.7541666666666667
13 0.4 0.7125 0.41875 0.73125 0.4390625 0.7395833333333334 0.459375 0.6895833333333333 0.45 0.675 0.428125 0.6604166666666667 0.421875 0.6604166666666667 0.4109375 0.6770833333333334 0.4 0.7125