10 0.446875 0.30625 0.45 0.32708333333333334 0.4921875 0.325 0.4984375 0.20416666666666666 0.4828125 0.2 0.4734375 0.2 0.453125 0.20208333333333334 0.446875 0.30625
9 0.5875 0.3416666666666667 0.59375 0.375 0.603125 0.3958333333333333 0.6453125 0.375 0.646875 0.3645833333333333 0.634375 0.31666666666666665 0.6296875 0.31666666666666665 0.59375 0.3333333333333333 0.5875 0.3416666666666667
1 0.609375 0.4708333333333333 0.63125 0.4791666666666667 0.6515625 0.4270833333333333 0.6203125 0.40208333333333335 0.6125 0.40208333333333335 0.59375 0.45416666666666666 0.609375 0.4708333333333333
2 0.390625 0.5520833333333334 0.3984375 0.5541666666666667 0.428125 0.5166666666666667 0.3375 0.3854166666666667 0.3328125 0.3854166666666667 0.303125 0.425 0.390625 0.5520833333333334
3 0.4109375 0.6375 0.43125 0.5833333333333334 0.353125 0.53125 0.3484375 0.53125 0.3296875 0.5833333333333334 0.4109375 0.6375
12 0.3046875 0.3020833333333333 0.3390625 0.31875 0.3921875 0.33125 0.4 0.2708333333333333 0.3484375 0.25833333333333336 0.3109375 0.23958333333333334 0.309375 0.23958333333333334 0.3 0.28958333333333336 0.3046875 0.3020833333333333
7 0.3296875 0.37916666666666665 0.4 0.42291666666666666 0.4109375 0.42291666666666666 0.428125 0.36875 0.35 0.3229166666666667 0.3421875 0.3229166666666667 0.328125 0.3645833333333333 0.3296875 0.37916666666666665
11 0.4640625 0.425 0.521875 0.4791666666666667 0.546875 0.43125 0.4921875 0.375 0.4859375 0.375 0.4640625 0.41458333333333336 0.4640625 0.425
11 0.43125 0.7041666666666667 0.478125 0.6416666666666667 0.4484375 0.6 0.4453125 0.6 0.4015625 0.6625 0.43125 0.7041666666666667
8 0.54375 0.6604166666666667 0.565625 0.60625 0.521875 0.575 0.5125 0.575 0.4953125 0.6270833333333333 0.54375 0.6604166666666667
6 0.478125 0.55 0.571875 0.5979166666666667 0.6046875 0.60625 0.6171875 0.5666666666666667 0.6140625 0.5520833333333334 0.49375 0.49166666666666664 0.4890625 0.49166666666666664 0.475 0.5395833333333333 0.478125 0.55
5 0.559375 0.6583333333333333 0.603125 0.675 0.615625 0.6208333333333333 0.58125 0.6020833333333333 0.571875 0.6020833333333333 0.5578125 0.6458333333333334 0.559375 0.6583333333333333
13 0.56875 0.5041666666666667 0.59375 0.4583333333333333 0.5578125 0.425 0.55625 0.42291666666666666 0.53125 0.47291666666666665 0.56875 0.5041666666666667
4 0.5640625 0.28958333333333336 0.565625 0.31875 0.5828125 0.3333333333333333 0.5984375 0.32708333333333334 0.6125 0.3020833333333333 0.6125 0.275 0.5953125 0.25625 0.584375 0.25625 0.5703125 0.26875 0.5640625 0.28958333333333336
14 0.6125 0.6125 0.6390625 0.6291666666666667 0.646875 0.6270833333333333 0.7046875 0.47291666666666665 0.7015625 0.4625 0.671875 0.44375 0.6640625 0.44375 0.6078125 0.5979166666666667 0.6125 0.6125