14 0.2780859375 0.5249541666666667 0.248215625 0.57175 0.35089375 0.6897375 0.3807640625 0.646425 0.2780859375 0.5249541666666667
11 0.31094218749999997 0.5164895833333333 0.33894531250000004 0.5642833333333334 0.387484375 0.5209708333333334 0.35948125000000003 0.4746708333333334 0.31094218749999997 0.5164895833333333
2 0.371803125 0.5373687500000001 0.33969218749999996 0.57175 0.4233296875 0.7146 0.456559375 0.67576875 0.371803125 0.5373687500000001
10 0.3161703125 0.3840645833333333 0.3124359375 0.44181458333333334 0.311315625 0.44181458333333334 0.40167343750000006 0.46073333333333333 0.4080203125 0.40049375 0.3161703125 0.3840645833333333
4 0.42584218749999997 0.5090104166666667 0.43703593749999997 0.5086999999999999 0.4440328125 0.5040354166666667 0.45149531249999997 0.4959520833333333 0.45382812499999997 0.4735625 0.451728125 0.46019166666666667 0.4431 0.44899791666666666 0.43120624999999996 0.44744375 0.4200125 0.451175 0.41091718750000006 0.46299166666666663 0.4097515625 0.4769833333333333 0.4127828125 0.4915979166666667 0.416746875 0.5015479166666666 0.42584218749999997 0.5090104166666667
3 0.4116171875 0.5158520833333333 0.39995625 0.56995625 0.48647656250000004 0.60385 0.49883749999999993 0.54756875 0.4116171875 0.5158520833333333
12 0.475515625 0.6141125 0.44496562500000003 0.7335166666666667 0.4853109375 0.7540375 0.5151625 0.6343229166666667 0.475515625 0.6141125
7 0.5079328125 0.55751875 0.49417343750000003 0.6138 0.5823265625 0.6436520833333332 0.5937546874999999 0.588925 0.5079328125 0.55751875
6 0.607046875 0.40639791666666664 0.6049484374999999 0.5876812499999999 0.649259375 0.5914125 0.650425 0.4082645833333334 0.607046875 0.40639791666666664
1 0.5039687500000001 0.49408541666666667 0.5153953125 0.5466354166666666 0.554575 0.5320208333333334 0.54198125 0.47511875 0.5039687500000001 0.49408541666666667
9 0.5774296875 0.3563354166666667 0.5461796875 0.4011125 0.5767296875000001 0.44060208333333334 0.6093796874999999 0.3980020833333333 0.5774296875 0.3563354166666667
5 0.5135296874999999 0.3917833333333334 0.4892765625 0.4387375 0.524490625 0.47480625000000004 0.5503765625 0.4235 0.5135296874999999 0.3917833333333334
13 0.44706406249999997 0.39924583333333336 0.4815796875 0.43469375 0.507465625 0.3911625 0.47295156250000003 0.3538479166666667 0.44706406249999997 0.39924583333333336
11 0.5039687500000001 0.29228125 0.47271718749999997 0.3466958333333333 0.508165625 0.38338750000000005 0.539415625 0.3277291666666667 0.5039687500000001 0.29228125
8 0.42957343750000004 0.3115583333333333 0.4050859375 0.38027916666666667 0.44263281250000003 0.40577708333333334 0.4682875 0.3358125 0.42957343750000004 0.3115583333333333