5 0.70625 0.5458333333333333 0.684375 0.49583333333333335 0.6765625 0.49583333333333335 0.640625 0.525 0.6578125 0.58125 0.678125 0.5770833333333333 0.696875 0.5583333333333333 0.7015625 0.5625 0.70625 0.5520833333333334 0.70625 0.5458333333333333
9 0.6 0.7 0.590625 0.6541666666666667 0.55625 0.6541666666666667 0.5484375 0.6604166666666667 0.55625 0.7229166666666667 0.5859375 0.7208333333333333 0.6 0.7125 0.6 0.7
10 0.5171875 0.39375 0.5109375 0.35833333333333334 0.5046875 0.35 0.4203125 0.37916666666666665 0.4296875 0.43333333333333335 0.5171875 0.4083333333333333 0.5171875 0.39375
11 0.4515625 0.6291666666666667 0.446875 0.5854166666666667 0.4 0.5895833333333333 0.4046875 0.6479166666666667 0.409375 0.6583333333333333 0.4515625 0.6541666666666667 0.4515625 0.6416666666666667 0.4515625 0.6291666666666667
11 0.5140625 0.42916666666666664 0.4671875 0.43125 0.465625 0.4895833333333333 0.4703125 0.4979166666666667 0.5125 0.49583333333333335 0.515625 0.43125 0.5140625 0.42916666666666664
6 0.4328125 0.5604166666666667 0.4203125 0.4041666666666667 0.38125 0.4041666666666667 0.3765625 0.42916666666666664 0.3890625 0.5833333333333334 0.4125 0.5854166666666667 0.4328125 0.5791666666666667 0.4328125 0.5604166666666667
7 0.528125 0.5458333333333333 0.521875 0.50625 0.4359375 0.5229166666666667 0.43125 0.5291666666666667 0.4359375 0.5770833333333333 0.44375 0.58125 0.528125 0.5604166666666667 0.528125 0.5458333333333333
14 0.5984375 0.6041666666666666 0.5671875 0.4375 0.528125 0.4479166666666667 0.521875 0.45625 0.5484375 0.5895833333333333 0.55 0.6229166666666667 0.559375 0.6270833333333333 0.5984375 0.6145833333333334 0.5984375 0.6041666666666666
13 0.6609375 0.42291666666666666 0.6515625 0.36875 0.6171875 0.375 0.603125 0.38958333333333334 0.6109375 0.4395833333333333 0.6484375 0.43333333333333335 0.6609375 0.425 0.6609375 0.42291666666666666
4 0.6828125 0.3104166666666667 0.6734375 0.2916666666666667 0.65 0.2875 0.6296875 0.3104166666666667 0.625 0.33958333333333335 0.6421875 0.35833333333333334 0.65625 0.35833333333333334 0.671875 0.34791666666666665 0.6828125 0.32708333333333334 0.6828125 0.3104166666666667
1 0.56875 0.30625 0.525 0.2916666666666667 0.515625 0.31666666666666665 0.5125 0.3541666666666667 0.5546875 0.36875 0.5609375 0.35833333333333334 0.56875 0.3104166666666667 0.56875 0.30625
8 0.503125 0.3145833333333333 0.5 0.28958333333333336 0.4484375 0.28541666666666665 0.44375 0.29375 0.4421875 0.34375 0.5 0.34791666666666665 0.503125 0.31666666666666665 0.503125 0.3145833333333333
12 0.546875 0.6145833333333334 0.540625 0.5666666666666667 0.5265625 0.5645833333333333 0.4484375 0.5875 0.4578125 0.64375 0.546875 0.61875 0.546875 0.6145833333333334