5 0.294846875 0.3732229166666666 0.2753921875 0.42592708333333335 0.3217140625 0.4568083333333333 0.340859375 0.40328125 0.294846875 0.3732229166666666
8 0.288053125 0.488925 0.2967 0.5412187500000001 0.350125 0.52680625 0.3390078125 0.47122083333333337 0.288053125 0.488925
3 0.355375 0.35675416666666665 0.3538296875 0.359225 0.3915046875 0.38557708333333335 0.42856249999999996 0.27481458333333336 0.3902703125 0.25093333333333334 0.355375 0.35675416666666665
2 0.40478437500000003 0.35510625 0.3915046875 0.5371 0.43659218749999995 0.54039375 0.44801875 0.359225 0.40478437500000003 0.35510625
4 0.4557390625 0.4349854166666667 0.46531093749999997 0.44198541666666663 0.4810609375 0.44033958333333334 0.49063437499999996 0.43004583333333335 0.49341406250000003 0.4090458333333334 0.492178125 0.39628125000000003 0.4863109375 0.3864 0.475503125 0.38145833333333334 0.4656203125 0.38310625 0.456665625 0.3880458333333333 0.4486359375 0.40328125 0.4486359375 0.40616458333333333 0.44956250000000003 0.42057500000000003 0.4557390625 0.4349854166666667
1 0.49063437499999996 0.4493979166666667 0.4739578125 0.5033375 0.5107078125 0.5235125 0.5273828125 0.4736916666666667 0.49063437499999996 0.4493979166666667
15 0.5372656250000001 0.3752833333333333 0.5032953124999999 0.40863333333333335 0.5511609375 0.5086895833333334 0.586984375 0.4765729166666667 0.5372656250000001 0.3752833333333333
11 0.5604265625 0.2916979166666666 0.5774109375 0.37692916666666665 0.6218796875 0.3633416666666667 0.6014984375 0.27481458333333336 0.5604265625 0.2916979166666666
7 0.6685109375 0.4592791666666667 0.5894546875 0.39710625 0.5737046875 0.434575 0.5811171875000001 0.45722083333333335 0.64535 0.5115708333333333 0.6685109375 0.4592791666666667
13 0.50453125 0.5251604166666667 0.483840625 0.57539375 0.5205890625 0.6046270833333334 0.54375 0.5572770833333334 0.50453125 0.5251604166666667
10 0.6425703125 0.5984520833333333 0.6401 0.7199166666666666 0.6827156249999999 0.7215645833333333 0.6851859375 0.6000979166666667 0.6425703125 0.5984520833333333
9 0.3939765625 0.5626291666666667 0.36988906250000003 0.6120395833333333 0.4023140625 0.6416854166666667 0.42701874999999995 0.59515625 0.3939765625 0.5626291666666667
11 0.3195515625 0.5576875 0.3214046875 0.6136854166666666 0.33344843750000003 0.6565083333333334 0.37760937499999997 0.64745 0.3643296875 0.54739375 0.3195515625 0.5576875
6 0.3850203125 0.6412729166666666 0.3803875 0.7001541666666667 0.5116328125 0.7273291666666667 0.5221328125 0.66433125 0.3850203125 0.6412729166666666
14 0.37884375000000003 0.7013895833333332 0.370196875 0.7582104166666667 0.504221875 0.7890916666666666 0.512559375 0.7306229166666667 0.37884375000000003 0.7013895833333332