12 0.53125 0.47708333333333336 0.53125 0.4979166666666667 0.525 0.5125 0.5046875 0.5291666666666667 0.48125 0.525 0.4765625 0.53125 0.4875 0.5520833333333334 0.509375 0.56875 0.515625 0.5645833333333333 0.5625 0.46875 0.5578125 0.4583333333333333 0.5296875 0.4354166666666667 0.528125 0.43333333333333335 0.51875 0.4479166666666667 0.53125 0.47708333333333336
14 0.4109375 0.3416666666666667 0.46875 0.475 0.4765625 0.4895833333333333 0.4828125 0.4895833333333333 0.509375 0.46875 0.5140625 0.45625 0.446875 0.30625 0.4421875 0.30625 0.4125 0.32916666666666666 0.4109375 0.3416666666666667
13 0.6390625 0.4270833333333333 0.6875 0.42916666666666664 0.690625 0.3729166666666667 0.675 0.36666666666666664 0.6651046875 0.36666666666666664 0.6421875 0.37083333333333335 0.6390625 0.4270833333333333
7 0.328125 0.26458333333333334 0.3265625 0.27291666666666664 0.3609375 0.3770833333333333 0.36875 0.38125 0.403125 0.36041666666666666 0.4046875 0.3541666666666667 0.3640625 0.24791666666666667 0.359375 0.24791666666666667 0.3328125 0.26666666666666666 0.328125 0.26458333333333334
11 0.45 0.25625 0.5109375 0.2791666666666667 0.525 0.22083333333333333 0.490625 0.19791666666666666 0.4828125 0.19791666666666666 0.459375 0.19791666666666666 0.45 0.25625
11 0.39375 0.4270833333333333 0.43125 0.5041666666666667 0.4609375 0.48333333333333334 0.4671875 0.47291666666666665 0.4296875 0.39166666666666666 0.425 0.39166666666666666 0.396875 0.41458333333333336 0.39375 0.4270833333333333
8 0.4046875 0.5645833333333333 0.415625 0.5770833333333333 0.4265625 0.5708333333333333 0.4421875 0.5729166666666666 0.4515625 0.5145833333333333 0.4046875 0.4979166666666667 0.39375 0.4979166666666667 0.384375 0.55625 0.4046875 0.5645833333333333
3 0.5578125 0.38333333333333336 0.5828125 0.39375 0.625 0.2875 0.621875 0.27708333333333335 0.5890625 0.25416666666666665 0.5859375 0.25416666666666665 0.54375 0.3625 0.5578125 0.38333333333333336
5 0.58125 0.5625 0.61875 0.58125 0.6390625 0.5333333333333333 0.6390625 0.5166666666666667 0.6015625 0.4979166666666667 0.59375 0.4979166666666667 0.5765625 0.5520833333333334 0.58125 0.5625
4 0.553125 0.6333333333333333 0.5578125 0.65625 0.5734375 0.6729166666666667 0.5875 0.6729166666666667 0.603125 0.6541666666666667 0.603125 0.6270833333333333 0.5875 0.6083333333333333 0.57734375 0.6083333333333333 0.5609375 0.6125 0.553125 0.6333333333333333
10 0.4984375 0.6645833333333333 0.559375 0.74375 0.5640625 0.74375 0.5921875 0.7 0.534375 0.6270833333333333 0.528125 0.61875 0.5015625 0.6520833333333333 0.4984375 0.6645833333333333