1 0.4734375 0.42291666666666666 0.4671875 0.41458333333333336 0.465625 0.4125 0.428125 0.425 0.434375 0.48125 0.4765625 0.475 0.4734375 0.42291666666666666
2 0.6578125 0.5479166666666667 0.6390625 0.49583333333333335 0.6375 0.49375 0.51875 0.5708333333333333 0.5328125 0.6208333333333333 0.5375 0.625 0.6578125 0.5479166666666667
3 0.4734375 0.6083333333333333 0.475 0.4895833333333333 0.44375 0.48541666666666666 0.434375 0.48541666666666666 0.4296875 0.5020833333333333 0.43125 0.6041666666666666 0.4421875 0.6104166666666667 0.4734375 0.6083333333333333
5 0.525 0.48541666666666666 0.528125 0.44166666666666665 0.490625 0.42916666666666664 0.4859375 0.42916666666666664 0.4796875 0.44583333333333336 0.478125 0.49166666666666664 0.5171875 0.5020833333333333 0.525 0.48541666666666666
6 0.3890625 0.35625 0.48125 0.25833333333333336 0.48125 0.24791666666666667 0.45625 0.20833333333333334 0.4515625 0.20833333333333334 0.3484375 0.31666666666666665 0.359375 0.3458333333333333 0.371875 0.3625 0.3890625 0.35625
7 0.521875 0.28958333333333336 0.484375 0.27291666666666664 0.48125 0.27291666666666664 0.4671875 0.3375 0.4609375 0.39375 0.4984375 0.40625 0.521875 0.28958333333333336
8 0.590625 0.7291666666666666 0.5421875 0.6979166666666666 0.5390625 0.6979166666666666 0.521875 0.7520833333333333 0.540625 0.7708333333333334 0.571875 0.7854166666666667 0.590625 0.7291666666666666
14 0.509375 0.5770833333333333 0.6234375 0.5020833333333333 0.6234375 0.4895833333333333 0.60625 0.4479166666666667 0.6046875 0.4479166666666667 0.4875 0.5229166666666667 0.484375 0.5333333333333333 0.4984375 0.5729166666666666 0.509375 0.5770833333333333
12 0.578125 0.45416666666666666 0.5921875 0.45 0.5984375 0.39375 0.553125 0.3875 0.5140625 0.37083333333333335 0.5125 0.37083333333333335 0.5015625 0.4166666666666667 0.503125 0.42916666666666664 0.546875 0.4479166666666667 0.578125 0.45416666666666666
13 0.40625 0.44375 0.4078125 0.38333333333333336 0.3765625 0.3770833333333333 0.3703125 0.3770833333333333 0.3640625 0.38333333333333336 0.3625 0.43333333333333335 0.36875 0.4395833333333333 0.40625 0.44375
4 0.584375 0.35208333333333336 0.6 0.34791666666666665 0.6171875 0.3125 0.6140625 0.28958333333333336 0.5984375 0.275 0.5890625 0.275 0.571875 0.28958333333333336 0.565625 0.3125 0.5671875 0.33541666666666664 0.584375 0.35208333333333336
11 0.4078125 0.5104166666666666 0.4140625 0.45 0.3765625 0.44166666666666665 0.375 0.44166666666666665 0.36875 0.4479166666666667 0.3578125 0.5041666666666667 0.403125 0.5166666666666667 0.4078125 0.5104166666666666
11 0.4046875 0.24375 0.4109375 0.24375 0.421875 0.23333333333333334 0.421875 0.17291666666666666 0.4171875 0.15416666666666667 0.4140625 0.15416666666666667 0.3671875 0.175 0.3703125 0.2375 0.4046875 0.2375 0.4046875 0.24375
10 0.6703125 0.5416666666666666 0.66875 0.5416666666666666 0.590625 0.59375 0.609375 0.6458333333333334 0.690625 0.59375 0.6703125 0.5416666666666666
9 0.453125 0.33541666666666664 0.4421875 0.33541666666666664 0.409375 0.3416666666666667 0.4125 0.40208333333333335 0.4578125 0.39375 0.453125 0.33541666666666664