14 0.4078125 0.5645833333333333 0.3890625 0.5270833333333333 0.3796875 0.5229166666666667 0.2703125 0.6229166666666667 0.2703125 0.6291666666666667 0.290625 0.66875 0.3 0.66875 0.4046875 0.575 0.4078125 0.5645833333333333
12 0.4453125 0.7708333333333334 0.4484375 0.7270833333333333 0.4390625 0.6458333333333334 0.4015625 0.6479166666666667 0.3921875 0.6583333333333333 0.390625 0.6604166666666667 0.4 0.7 0.4015625 0.7729166666666667 0.4203125 0.7770833333333333 0.4453125 0.7708333333333334
4 0.5671875 0.5291666666666667 0.5640625 0.5020833333333333 0.55 0.4875 0.53125 0.4895833333333333 0.51875 0.5083333333333333 0.51875 0.5197916666666667 0.5234375 0.5416666666666666 0.5375 0.5520833333333334 0.5578125 0.5458333333333333 0.5671875 0.5291666666666667
13 0.55625 0.4083333333333333 0.5515625 0.45 0.5515625 0.45625 0.5578125 0.46875 0.596875 0.46875 0.5984375 0.41041666666666665 0.55625 0.4083333333333333
1 0.5234375 0.5729166666666666 0.50625 0.5375 0.4953125 0.5395833333333333 0.4671875 0.5645833333333333 0.4671875 0.5708333333333333 0.475 0.59375 0.4921875 0.6145833333333334 0.525 0.5875 0.5234375 0.5729166666666666
3 0.496875 0.4625 0.4953125 0.4083333333333333 0.4890625 0.3854166666666667 0.48125 0.38125 0.44375 0.39375 0.44375 0.39791666666666664 0.459375 0.5104166666666666 0.503125 0.5 0.5046875 0.47708333333333336 0.496875 0.4625
2 0.3828125 0.3125 0.3703125 0.30833333333333335 0.3359375 0.325 0.3359375 0.32708333333333334 0.375 0.49583333333333335 0.41875 0.48125 0.415625 0.44583333333333336 0.3828125 0.3125
5 0.5375 0.5604166666666667 0.5375 0.5666666666666667 0.559375 0.6145833333333334 0.5984375 0.5854166666666667 0.575 0.5333333333333333 0.5375 0.5604166666666667
7 0.4921875 0.61875 0.4390625 0.5479166666666667 0.4078125 0.5854166666666667 0.4078125 0.5916666666666667 0.46875 0.6729166666666667 0.4984375 0.6416666666666667 0.5 0.6333333333333333 0.4921875 0.61875
6 0.628125 0.59375 0.6109375 0.575 0.5015625 0.675 0.5015625 0.6770833333333334 0.5265625 0.7229166666666667 0.61875 0.6416666666666667 0.6375 0.61875 0.628125 0.59375
10 0.4421875 0.3020833333333333 0.434375 0.34791666666666665 0.434375 0.35833333333333334 0.521875 0.38333333333333336 0.528125 0.37083333333333335 0.53125 0.32708333333333334 0.4421875 0.3020833333333333
9 0.6625 0.5208333333333334 0.615625 0.5354166666666667 0.615625 0.5395833333333333 0.6234375 0.58125 0.6296875 0.5916666666666667 0.6734375 0.575 0.6625 0.5208333333333334
11 0.496875 0.40625 0.496875 0.41875 0.5015625 0.4708333333333333 0.5484375 0.4625 0.5390625 0.4 0.496875 0.40625
11 0.64375 0.3770833333333333 0.6359375 0.38333333333333336 0.6359375 0.39375 0.6359375 0.45625 0.68125 0.45625 0.6859375 0.3770833333333333 0.64375 0.3770833333333333
8 0.6 0.31666666666666665 0.559375 0.3625 0.559375 0.36875 0.58125 0.4041666666666667 0.590625 0.40625 0.6296875 0.35833333333333334 0.6 0.31666666666666665