5 0.333940625 0.3829854166666667 0.37603125 0.367075 0.35867499999999997 0.29909166666666664 0.3141953125 0.31558125000000004 0.3256953125 0.37720000000000004 0.333940625 0.3829854166666667
11 0.4406875 0.3916645833333333 0.4302734375 0.3210770833333333 0.38622968750000003 0.33872291666666665 0.39208750000000003 0.4061291666666667 0.4406875 0.3916645833333333
11 0.4576109375 0.4680354166666667 0.44155625 0.39137500000000003 0.39360625 0.40757499999999997 0.415303125 0.4822125 0.4576109375 0.4680354166666667
10 0.3808046875 0.5377562499999999 0.41335 0.5033291666666667 0.3549859375 0.41278125 0.323525 0.45067916666666663 0.3808046875 0.5377562499999999
14 0.3727765625 0.6121208333333333 0.4048890625 0.5716187500000001 0.30898906249999997 0.44286875 0.278396875 0.484525 0.3727765625 0.6121208333333333
7 0.3773328125 0.7223229166666666 0.4090109375 0.68645 0.35064687499999997 0.5938770833333333 0.317884375 0.6332208333333333 0.3773328125 0.7223229166666666
9 0.40684062499999996 0.6829791666666666 0.441121875 0.6459499999999999 0.4146515625 0.6002416666666667 0.38058749999999997 0.6369812499999999 0.40684062499999996 0.6829791666666666
12 0.4311421875 0.5603208333333334 0.4341796875 0.5857770833333333 0.4348296875 0.6121020833333334 0.437 0.6361145833333333 0.48147812500000003 0.6262791666666666 0.47713906250000004 0.57623125 0.4741015625 0.5545333333333333 0.4728 0.50766875 0.46130000000000004 0.5056437500000001 0.42094375 0.5160583333333333 0.42441562499999996 0.5331270833333334 0.4311421875 0.5603208333333334
1 0.470846875 0.7130645833333333 0.500571875 0.6699604166666667 0.4721484375 0.6306166666666667 0.44155625 0.6716958333333333 0.470846875 0.7130645833333333
8 0.53810625 0.6517354166666667 0.547653125 0.5982166666666667 0.49145781250000004 0.5808604166666667 0.4838640625 0.63495625 0.53810625 0.6517354166666667
3 0.5745578124999999 0.7003375 0.59451875 0.58230625 0.5541625 0.5710229166666667 0.5318140625 0.68731875 0.5745578124999999 0.7003375
4 0.6053671875 0.5623458333333333 0.6166484375 0.5018833333333333 0.55633125 0.48539375 0.5470015625 0.5446979166666667 0.6053671875 0.5623458333333333
13 0.6277140625000001 0.68326875 0.637478125 0.6242520833333334 0.5927828125 0.6138395833333333 0.5843203124999999 0.6716958333333333 0.6277140625000001 0.68326875