14 0.43396718749999996 0.20469375 0.5587171875 0.2833479166666667 0.5770906250000001 0.23144791666666667 0.45161562499999997 0.15634166666666666 0.43396718749999996 0.20469375
10 0.432515625 0.34427291666666665 0.46757187499999997 0.3726395833333333 0.5171328125 0.27367708333333335 0.48280312500000006 0.24402083333333333 0.432515625 0.34427291666666665
5 0.37570156250000003 0.3304104166666667 0.41293281249999997 0.3639354166666667 0.436384375 0.31526041666666665 0.399878125 0.2839916666666667 0.37570156250000003 0.3304104166666667
11 0.32638124999999996 0.43033958333333333 0.37860312500000004 0.42969583333333333 0.380778125 0.3668375 0.3280734375 0.37038333333333334 0.32638124999999996 0.43033958333333333
6 0.3844046875 0.41744583333333335 0.5110890625 0.48385 0.5268046875 0.43291874999999996 0.40060312500000006 0.3681270833333333 0.3844046875 0.41744583333333335
2 0.659290625 0.4219583333333333 0.6689609375 0.3687708333333333 0.5362328125 0.32912083333333336 0.5270453125000001 0.38231041666666665 0.659290625 0.4219583333333333
1 0.5156828124999999 0.4851395833333333 0.5560578125 0.505125 0.5700796875 0.45032500000000003 0.529221875 0.43291874999999996 0.5156828124999999 0.4851395833333333
7 0.5492874999999999 0.584425 0.5819265625 0.6237520833333333 0.6416421875 0.5351041666666667 0.6092453124999999 0.49835625 0.5492874999999999 0.584425
9 0.5152 0.5731416666666667 0.5579921875 0.5625041666666667 0.551221875 0.50738125 0.5101218750000001 0.5141520833333334 0.5152 0.5731416666666667
4 0.3498328125 0.45032500000000003 0.338953125 0.45773958333333337 0.3314578125 0.4732125 0.329765625 0.489975 0.337503125 0.50448125 0.351525 0.5125395833333334 0.3636125 0.5086708333333333 0.3728 0.49964583333333334 0.3795703125 0.4835291666666667 0.3764265625 0.4670875 0.36965781249999996 0.45645 0.363371875 0.44903750000000003 0.3498328125 0.45032500000000003
12 0.3812625 0.5747541666666667 0.47627499999999995 0.5892604166666667 0.4806265625 0.5280125 0.38730625 0.5154416666666667 0.3812625 0.5747541666666667
11 0.4072171875 0.61189375 0.42998593749999997 0.6732395833333332 0.46864375 0.64066875 0.44350468750000005 0.58533125 0.4072171875 0.61189375
8 0.5900734375 0.6839916666666667 0.6486546875 0.69474375 0.653634375 0.6371916666666666 0.596003125 0.62896875 0.5900734375 0.6839916666666667
3 0.49828906249999994 0.6185333333333334 0.49330937500000005 0.67766875 0.5836703125 0.6881041666666667 0.5884140625 0.62896875 0.49828906249999994 0.6179020833333334 0.49828906249999994 0.6185333333333334
13 0.4835859375 0.7421770833333333 0.528884375 0.7532458333333333 0.538134375 0.6909500000000001 0.49093749999999997 0.6827270833333333 0.4835859375 0.7421770833333333