12 0.3484375 0.4083333333333333 0.3421875 0.3958333333333333 0.3109375 0.38333333333333336 0.290625 0.38333333333333336 0.2890625 0.40208333333333335 0.3234375 0.41041666666666665 0.3328125 0.41875 0.33125 0.45 0.31875 0.49583333333333335 0.275 0.48541666666666666 0.2734375 0.4979166666666667 0.2734375 0.5 0.3140625 0.5145833333333333 0.33125 0.5083333333333333 0.3484375 0.4270833333333333 0.3484375 0.4083333333333333
8 0.31875 0.4083333333333333 0.2875 0.4041666666666667 0.275 0.475 0.275 0.48125 0.31875 0.49583333333333335 0.33125 0.45 0.3328125 0.41875 0.31875 0.4083333333333333
9 0.471875 0.42083333333333334 0.440625 0.46041666666666664 0.440625 0.46875 0.465625 0.5 0.471875 0.5 0.4984375 0.45625 0.471875 0.42083333333333334
10 0.6109375 0.55625 0.603125 0.5520833333333334 0.5328125 0.6166666666666667 0.5328125 0.6208333333333333 0.559375 0.6666666666666666 0.6296875 0.6041666666666666 0.63125 0.5958333333333333 0.6109375 0.55625
11 0.4609375 0.36041666666666666 0.4515625 0.35625 0.41875 0.3958333333333333 0.41875 0.40208333333333335 0.4484375 0.4395833333333333 0.4546875 0.4395833333333333 0.4859375 0.39375 0.4609375 0.36041666666666666
11 0.3890625 0.49583333333333335 0.38125 0.48333333333333334 0.3359375 0.5125 0.334375 0.5145833333333333 0.353125 0.5666666666666667 0.378125 0.55625 0.4 0.5375 0.3890625 0.49583333333333335
6 0.5828125 0.5145833333333333 0.540625 0.38333333333333336 0.5328125 0.37916666666666665 0.4984375 0.4 0.4984375 0.40625 0.546875 0.5645833333333333 0.55625 0.5666666666666667 0.5875 0.5479166666666667 0.5828125 0.5145833333333333
7 0.415625 0.53125 0.3828125 0.5625 0.3828125 0.5666666666666667 0.4421875 0.65625 0.471875 0.6229166666666667 0.46875 0.60625 0.415625 0.53125
5 0.50625 0.3125 0.471875 0.2916666666666667 0.4515625 0.33958333333333335 0.4515625 0.3458333333333333 0.459375 0.35625 0.4953125 0.375 0.5125 0.32916666666666666 0.50625 0.3125
2 0.4421875 0.6583333333333333 0.4203125 0.6291666666666667 0.38125 0.56875 0.3828125 0.5604166666666667 0.36875 0.56875 0.3484375 0.5958333333333333 0.3484375 0.5979166666666667 0.4359375 0.7291666666666666 0.4640625 0.7020833333333333 0.45625 0.6666666666666666 0.4421875 0.6583333333333333
3 0.5296875 0.6 0.5296875 0.59375 0.465625 0.5145833333333333 0.4359375 0.5541666666666667 0.4359375 0.55625 0.4734375 0.6083333333333333 0.5 0.6354166666666666 0.5125 0.6270833333333333 0.5296875 0.6
1 0.525 0.50625 0.4984375 0.4708333333333333 0.4875 0.47708333333333336 0.4671875 0.5083333333333333 0.4671875 0.5166666666666667 0.4953125 0.5520833333333334 0.50625 0.5458333333333333 0.5265625 0.51875 0.525 0.50625
14 0.4421875 0.3229166666666667 0.4390625 0.3104166666666667 0.3984375 0.29583333333333334 0.3546875 0.46041666666666664 0.3546875 0.46458333333333335 0.3859375 0.48333333333333334 0.403125 0.47708333333333336 0.4171875 0.4 0.4421875 0.3229166666666667
4 0.5109375 0.6604166666666667 0.503125 0.6416666666666667 0.48125 0.6375 0.4734375 0.6416666666666667 0.4625 0.6625 0.4625 0.68125 0.4734375 0.7020833333333333 0.4953125 0.7041666666666667 0.509375 0.6875 0.5109375 0.6604166666666667
13 0.4296875 0.4666666666666667 0.40625 0.50625 0.40625 0.5145833333333333 0.4359375 0.5479166666666667 0.465625 0.5041666666666667 0.4390625 0.46875 0.4296875 0.4666666666666667