1 0.4921875 0.5020833333333333 0.46875 0.4708333333333333 0.4359375 0.5020833333333333 0.4359375 0.5083333333333333 0.4609375 0.5479166666666667 0.46875 0.5458333333333333 0.49375 0.5166666666666667 0.4921875 0.5020833333333333
2 0.352678125 0.5333333333333333 0.308928125 0.375 0.294865625 0.375 0.263615625 0.39375 0.263615625 0.39791666666666664 0.308928125 0.5583333333333333 0.316740625 0.5625 0.351115625 0.5458333333333333 0.352678125 0.5333333333333333
3 0.415625 0.44583333333333336 0.3515625 0.3958333333333333 0.328125 0.4375 0.328125 0.44375 0.4015625 0.5083333333333333 0.4109375 0.5020833333333333 0.428125 0.4625 0.415625 0.44583333333333336
5 0.5140625 0.45208333333333334 0.49375 0.49375 0.49375 0.5041666666666667 0.5328125 0.5291666666666667 0.5515625 0.48541666666666666 0.5515625 0.475 0.5140625 0.45208333333333334
7 0.4859375 0.59375 0.4453125 0.5270833333333333 0.4125 0.55625 0.4125 0.5625 0.4640625 0.6541666666666667 0.496875 0.6270833333333333 0.496875 0.6166666666666667 0.4859375 0.59375
6 0.5953125 0.48541666666666666 0.5640625 0.4666666666666667 0.5578125 0.46875 0.5 0.6208333333333333 0.5 0.625 0.53125 0.65 0.540625 0.65 0.59375 0.5104166666666666 0.5953125 0.48541666666666666
8 0.5171875 0.30625 0.478125 0.3375 0.478125 0.34791666666666665 0.49375 0.3875 0.5453125 0.3541666666666667 0.525 0.30625 0.5171875 0.30625
13 0.5515625 0.4083333333333333 0.5328125 0.36875 0.5125 0.3770833333333333 0.49375 0.3958333333333333 0.49375 0.4 0.5140625 0.44375 0.525 0.44166666666666665 0.5515625 0.41875 0.5515625 0.4083333333333333
4 0.509375 0.4479166666666667 0.5046875 0.42291666666666666 0.4921875 0.41041666666666665 0.471875 0.4125 0.459375 0.4354166666666667 0.459375 0.4479166666666667 0.4625 0.46041666666666664 0.478125 0.475 0.5 0.46875 0.509375 0.4479166666666667
8 0.4484375 0.70625 0.4453125 0.6791666666666667 0.428125 0.5958333333333333 0.384375 0.6083333333333333 0.384375 0.6208333333333333 0.396875 0.6625 0.4015625 0.7270833333333333 0.44375 0.71875 0.4484375 0.70625
9 0.4609375 0.4041666666666667 0.4234375 0.3875 0.4078125 0.4354166666666667 0.4078125 0.4395833333333333 0.4515625 0.46458333333333335 0.4609375 0.4270833333333333 0.46875 0.41458333333333336 0.4609375 0.4041666666666667
11 0.5390625 0.36875 0.5390625 0.37916666666666665 0.575 0.4125 0.6046875 0.35625 0.56875 0.3229166666666667 0.5390625 0.36875
9 0.6171875 0.4041666666666667 0.5734375 0.42916666666666664 0.5734375 0.43125 0.5890625 0.4791666666666667 0.5984375 0.4791666666666667 0.6328125 0.45625 0.6171875 0.4041666666666667
10 0.3765625 0.3458333333333333 0.3765625 0.34791666666666665 0.4625 0.3875 0.4765625 0.3333333333333333 0.3890625 0.29375 0.3765625 0.3458333333333333
14 0.3140625 0.5729166666666666 0.3046875 0.55625 0.2671875 0.41875 0.2578125 0.4166666666666667 0.2265625 0.4375 0.2265625 0.44375 0.26875 0.6020833333333333 0.284375 0.6041666666666666 0.3109375 0.5895833333333333 0.3140625 0.5729166666666666