12 0.44260937499999997 0.30433333333333334 0.5235390625 0.2597833333333333 0.5231046874999999 0.23750833333333335 0.5083515625 0.19006458333333331 0.4211296875 0.238375 0.44260937499999997 0.30433333333333334
7 0.5923171875000001 0.44550625 0.6281171875 0.4122395833333333 0.57170625 0.31416875 0.5376421875 0.34570208333333335 0.5923171875000001 0.44550625
4 0.60208125 0.44926875 0.6022984375 0.46980833333333333 0.61423125 0.48774375 0.6311546875 0.48918958333333334 0.6430875 0.47964375000000004 0.6482953124999999 0.4637333333333334 0.6456921875 0.44724375 0.6378812500000001 0.43538125 0.622909375 0.42728125 0.6083734375 0.4319104166666667 0.60208125 0.44926875
3 0.4968515625 0.5461791666666667 0.5337359375 0.5693229166666666 0.5710546875 0.4611291666666667 0.53286875 0.43711666666666665 0.4968515625 0.5461791666666667
1 0.4508546875 0.52014375 0.489040625 0.5450229166666667 0.5079171875 0.49439791666666666 0.470815625 0.4709645833333333 0.4508546875 0.52014375
13 0.48513593750000006 0.47617291666666667 0.5261421875 0.45331875 0.510303125 0.39922083333333336 0.470815625 0.42120625 0.48513593750000006 0.47617291666666667
9 0.437403125 0.48456041666666666 0.4810125 0.462575 0.464740625 0.41368541666666664 0.4230828125 0.4322 0.437403125 0.48456041666666666
10 0.56931875 0.6141625000000001 0.6140140625 0.6106916666666666 0.6079390625000001 0.4912145833333333 0.56259375 0.49295000000000005 0.56931875 0.6141625000000001
6 0.5113890624999999 0.6856187499999999 0.5443671875 0.6462749999999999 0.4482515625 0.51811875 0.4174421875 0.55659375 0.5113890624999999 0.6856187499999999
8 0.44347812500000006 0.6974791666666668 0.48188125 0.64743125 0.45215625 0.6066416666666666 0.41397031249999994 0.6572666666666667 0.44347812500000006 0.6974791666666668
5 0.34649375 0.4142645833333333 0.39118906249999996 0.40761041666666664 0.387065625 0.3477270833333333 0.340634375 0.3549583333333333 0.34649375 0.4142645833333333
11 0.41874374999999997 0.40992500000000004 0.4671265625 0.3905416666666667 0.45801406250000004 0.33008125 0.41006406249999994 0.3488833333333333 0.41874374999999997 0.40992500000000004
11 0.4679953125 0.3911208333333333 0.5248406250000001 0.38678125 0.5189828125 0.3297916666666667 0.4627875 0.32805625000000005 0.4679953125 0.3911208333333333