2 0.41770781250000005 0.36944375 0.45 0.3333333333333333 0.3572921875 0.19166666666666668 0.3291671875 0.22638958333333334 0.41770781250000005 0.36944375
11 0.4583328125 0.20416666666666666 0.5114578125 0.24861041666666667 0.5385421874999999 0.20555625 0.5114578125 0.17083333333333334 0.4875 0.14861041666666666 0.4635421875 0.18611041666666667 0.4583328125 0.20416666666666666
10 0.3802078125 0.46388958333333336 0.40729218749999996 0.41944375 0.340625 0.33888958333333336 0.3135421875 0.38194374999999997 0.3802078125 0.46388958333333336
4 0.4635421875 0.3625 0.4166671875 0.3625 0.421875 0.4472229166666667 0.46458281250000005 0.4486104166666667 0.4635421875 0.3625
6 0.46770781250000004 0.42083333333333334 0.48541718749999996 0.4375 0.5479171875 0.2625 0.528125 0.2527770833333333 0.46770781250000004 0.42083333333333334
14 0.5604171874999999 0.4138895833333333 0.665625 0.2875 0.6510421875 0.26805625 0.5479171875 0.39305625 0.5604171874999999 0.4138895833333333
8 0.40833281250000003 0.5680562499999999 0.4583328125 0.5333333333333333 0.43645781250000004 0.47777708333333335 0.3895828125 0.5097229166666667 0.40833281250000003 0.5680562499999999
13 0.3520828125 0.6305562499999999 0.39375 0.6680562499999999 0.415625 0.6097229166666666 0.3791671875 0.5847229166666666 0.3520828125 0.6305562499999999
3 0.4114578125 0.6736104166666668 0.459375 0.6930562499999999 0.48541718749999996 0.56944375 0.43958281250000003 0.5569437500000001 0.4114578125 0.6736104166666668
5 0.503125 0.4763895833333333 0.5520828125 0.475 0.55 0.40972291666666666 0.503125 0.4125 0.503125 0.4763895833333333
13 0.509375 0.5375 0.546875 0.5333333333333333 0.553125 0.47777708333333335 0.50625 0.48055625 0.509375 0.5375
1 0.5458328125 0.6527770833333334 0.5802078125000001 0.6236104166666667 0.5541671874999999 0.5736104166666667 0.5177078125000001 0.6055562499999999 0.5458328125 0.6527770833333334
7 0.5104171875 0.7402770833333334 0.546875 0.7208333333333333 0.5197921875 0.6097229166666666 0.4791671875 0.6263895833333333 0.5104171875 0.7402770833333334
11 0.5822921875 0.48472291666666667 0.6260421875 0.5166666666666667 0.6625 0.42361041666666666 0.6229171874999999 0.39722291666666665 0.5927078125 0.47361041666666664 0.5822921875 0.48472291666666667
9 0.6229171874999999 0.6138895833333333 0.603125 0.6625 0.64375 0.69444375 0.66875 0.6527770833333334 0.625 0.6152770833333334 0.6229171874999999 0.6138895833333333