2 0.5015625 0.4083333333333333 0.5203125 0.425 0.525 0.42291666666666666 0.5484375 0.37916666666666665 0.440625 0.27708333333333335 0.4359375 0.27708333333333335 0.4140625 0.3229166666666667 0.5015625 0.4083333333333333
3 0.49375 0.325 0.5015625 0.32708333333333334 0.525 0.28541666666666665 0.525 0.27708333333333335 0.4546875 0.20833333333333334 0.45 0.20833333333333334 0.4265625 0.25833333333333336 0.49375 0.325
8 0.3953125 0.6041666666666666 0.4359375 0.5791666666666667 0.4109375 0.5104166666666666 0.409375 0.5104166666666666 0.371875 0.5395833333333333 0.3953125 0.6041666666666666
1 0.5203125 0.6083333333333333 0.5359375 0.6375 0.5515625 0.63125 0.5734375 0.6104166666666667 0.5546875 0.5604166666666667 0.546875 0.5604166666666667 0.515625 0.5875 0.5203125 0.6083333333333333
11 0.596875 0.7541666666666667 0.6078125 0.7604166666666666 0.634375 0.7104166666666667 0.5890625 0.6625 0.5828125 0.6625 0.5578125 0.70625 0.596875 0.7541666666666667
11 0.578125 0.65 0.5921875 0.6625 0.61875 0.6666666666666666 0.6390625 0.6145833333333334 0.6 0.5854166666666667 0.59375 0.5854166666666667 0.575 0.6333333333333333 0.578125 0.65
6 0.3734375 0.475 0.484375 0.5625 0.50625 0.5229166666666667 0.50625 0.5104166666666666 0.3953125 0.41875 0.390625 0.41875 0.3703125 0.4625 0.3734375 0.475
14 0.3921875 0.41041666666666665 0.421875 0.23333333333333334 0.3890625 0.21875 0.3796875 0.21875 0.3484375 0.3958333333333333 0.3921875 0.41041666666666665
15 0.496875 0.73125 0.5390625 0.7145833333333333 0.5234375 0.6229166666666667 0.5140625 0.5958333333333333 0.509375 0.5958333333333333 0.4734375 0.6104166666666667 0.496875 0.73125
4 0.415625 0.39791666666666664 0.4265625 0.41875 0.446875 0.425 0.459375 0.4125 0.4640625 0.37916666666666665 0.44375 0.3541666666666667 0.4359375 0.3541666666666667 0.41875 0.36875 0.415625 0.39791666666666664
13 0.471875 0.4583333333333333 0.490625 0.49375 0.5015625 0.49166666666666664 0.528125 0.46041666666666664 0.528125 0.45 0.503125 0.4125 0.5015625 0.4125 0.4703125 0.44583333333333336 0.471875 0.4583333333333333
7 0.571875 0.4895833333333333 0.6453125 0.5 0.6609375 0.49583333333333335 0.6640625 0.4354166666666667 0.5828125 0.425 0.578125 0.425 0.571875 0.44375 0.571875 0.4895833333333333
5 0.534375 0.55 0.5484375 0.55 0.575 0.53125 0.5625 0.475 0.5546875 0.475 0.51875 0.49583333333333335 0.534375 0.55
10 0.528125 0.34791666666666665 0.5546875 0.38333333333333336 0.625 0.30833333333333335 0.621875 0.29375 0.5984375 0.2604166666666667 0.5953125 0.2604166666666667 0.528125 0.3375 0.528125 0.34791666666666665
9 0.6078125 0.41875 0.640625 0.37083333333333335 0.634375 0.35625 0.6109375 0.3333333333333333 0.60625 0.3333333333333333 0.5765625 0.3875 0.6078125 0.41875