12 0.5390625 0.5916666666666667 0.55 0.6895833333333333 0.5640625 0.69375 0.5921875 0.6875 0.5953125 0.6666666666666666 0.584375 0.5645833333333333 0.540625 0.56875 0.5390625 0.58125 0.5390625 0.5916666666666667
14 0.2421875 0.6125 0.2453125 0.6208333333333333 0.3828125 0.6208333333333333 0.3828125 0.5645833333333333 0.2484375 0.5604166666666667 0.24375 0.5645833333333333 0.2421875 0.6104166666666667 0.2421875 0.6125
13 0.59375 0.5479166666666667 0.615625 0.5833333333333334 0.621875 0.5854166666666667 0.646875 0.5604166666666667 0.653125 0.5458333333333333 0.6234375 0.5020833333333333 0.590625 0.54375 0.59375 0.5479166666666667
4 0.465625 0.4166666666666667 0.475 0.4354166666666667 0.4984375 0.4395833333333333 0.5109375 0.42916666666666664 0.515625 0.40625 0.503125 0.37916666666666665 0.4921875 0.375 0.475 0.38125 0.465625 0.39791666666666664 0.465625 0.4166666666666667
6 0.365625 0.35833333333333334 0.3765625 0.41041666666666665 0.4671875 0.3854166666666667 0.48125 0.375 0.5046875 0.375 0.5125 0.3625 0.5078125 0.3229166666666667 0.4984375 0.3125 0.365625 0.35625 0.365625 0.35833333333333334
7 0.415625 0.4625 0.4203125 0.4979166666666667 0.5 0.5041666666666667 0.509375 0.49583333333333335 0.5109375 0.46458333333333335 0.5046875 0.44375 0.415625 0.44375 0.415625 0.4625
10 0.5171875 0.4 0.53125 0.45208333333333334 0.6171875 0.4125 0.6109375 0.375 0.603125 0.35833333333333334 0.5171875 0.39791666666666664 0.5171875 0.4
9 0.3421875 0.30416666666666664 0.36875 0.35 0.384375 0.34375 0.40625 0.3145833333333333 0.3921875 0.28541666666666665 0.375 0.26666666666666666 0.3421875 0.29791666666666666 0.3421875 0.30416666666666664
11 0.3578125 0.5083333333333333 0.403125 0.5208333333333334 0.4125 0.46041666666666664 0.365625 0.45208333333333334 0.3578125 0.5020833333333333 0.3578125 0.5083333333333333
11 0.384375 0.5625 0.3875 0.5875 0.446875 0.58125 0.446875 0.525 0.384375 0.5270833333333333 0.384375 0.5506937500000001 0.384375 0.5625
1 0.4875 0.5291666666666667 0.5109375 0.5708333333333333 0.528125 0.5604166666666667 0.546875 0.5375 0.525 0.49375 0.5140625 0.49583333333333335 0.4875 0.525 0.4875 0.5291666666666667
2 0.4015625 0.6333333333333333 0.4125 0.6791666666666667 0.54375 0.6375 0.5359375 0.5833333333333334 0.4015625 0.6208333333333333 0.4015625 0.6333333333333333
8 0.3375 0.69375 0.3421875 0.7270833333333333 0.390625 0.7229166666666667 0.4 0.7166666666666667 0.39375 0.6604166666666667 0.3421875 0.6645833333333333 0.3375 0.66875 0.3375 0.68125 0.3375 0.69375
3 0.5890625 0.6104166666666667 0.59375 0.6479166666666667 0.6015625 0.6541666666666667 0.68125 0.6375 0.6859375 0.63125 0.678125 0.5770833333333333 0.596875 0.5916666666666667 0.5890625 0.5979166666666667 0.5890625 0.6104166666666667
5 0.540625 0.51875 0.56875 0.5604166666666667 0.578125 0.5583333333333333 0.6046875 0.5208333333333334 0.5765625 0.4791666666666667 0.56875 0.4791666666666667 0.540625 0.5145833333333333 0.540625 0.51875