2 0.42449062499999995 0.28716458333333333 0.3431671875 0.13464583333333333 0.30622812499999996 0.16721458333333333 0.3899359375 0.3201291666666667 0.42449062499999995 0.28716458333333333
11 0.5222562500000001 0.23527916666666665 0.49851718749999996 0.19483541666666668 0.47557031250000004 0.17232708333333333 0.4449734375 0.2145291666666667 0.46686562499999995 0.23914791666666665 0.49350625 0.2788895833333333 0.5222562500000001 0.23527916666666665
14 0.6516031250000001 0.2761166666666667 0.6208046875 0.24118124999999999 0.5316265625 0.38398958333333333 0.5651828125 0.41892708333333334 0.6516031250000001 0.2761166666666667
6 0.5707 0.30798958333333337 0.5525421875000001 0.25865 0.4300359375 0.33924791666666665 0.44842343749999997 0.3885875 0.5707 0.30798958333333337
11 0.61551875 0.4388458333333333 0.6371234375 0.4048291666666667 0.604715625 0.36682916666666665 0.551621875 0.4412979166666667 0.584259375 0.4811375 0.61551875 0.4388458333333333
5 0.4826703125 0.37295833333333334 0.44290624999999995 0.39655416666666665 0.46129375 0.44987916666666666 0.500596875 0.4265875 0.4826703125 0.37295833333333334
4 0.43486250000000004 0.3999270833333333 0.39739843750000003 0.3383291666666667 0.36200156250000004 0.3775541666666667 0.3999265625 0.44037916666666665 0.43486250000000004 0.3999270833333333
10 0.3636109375 0.38061875 0.3256875 0.4051354166666667 0.36429999999999996 0.5133145833333334 0.4033734375 0.4891041666666667 0.3636109375 0.38061875
8 0.43945937500000004 0.4213791666666667 0.4049828125 0.4471208333333333 0.4334828125 0.5136208333333333 0.4686484375 0.48665416666666667 0.43945937500000004 0.4213791666666667
12 0.47669375 0.5019770833333334 0.3861359375 0.5209770833333333 0.3886640625 0.5758333333333333 0.48220937499999994 0.5583645833333333 0.47669375 0.5019770833333334
3 0.5125484375 0.5856395833333334 0.47301562500000005 0.5675583333333333 0.4371609375 0.67726875 0.4789921875 0.7002541666666667 0.5125484375 0.5856395833333334
7 0.556909375 0.65643125 0.5143875 0.6521395833333333 0.5045046875 0.7762541666666666 0.5472546875 0.7814645833333334 0.556909375 0.65643125
9 0.669990625 0.5614291666666666 0.6274703125000001 0.5678645833333333 0.632296875 0.6254791666666667 0.675278125 0.6187354166666666 0.669990625 0.5614291666666666
1 0.5982796875 0.4842020833333333 0.5725374999999999 0.5240416666666666 0.6070140625 0.5595895833333333 0.6311484375 0.5151541666666667 0.5982796875 0.4842020833333333
13 0.541509375 0.4685729166666667 0.4982984375 0.4655083333333333 0.496 0.5231208333333334 0.5399 0.5274125 0.541509375 0.4685729166666667