6 0.371875 0.41875 0.365625 0.4666666666666667 0.3703125 0.4791666666666667 0.3875 0.47708333333333336 0.49375 0.5 0.503125 0.49375 0.50625 0.4395833333333333 0.3859375 0.41875 0.371875 0.41875
7 0.3671875 0.5395833333333333 0.359375 0.5791666666666667 0.3609375 0.5958333333333333 0.4484375 0.6166666666666667 0.4515625 0.5583333333333333 0.4359375 0.5604166666666667 0.371875 0.5395833333333333 0.3671875 0.5395833333333333
8 0.6265625 0.29791666666666666 0.6140625 0.3729166666666667 0.65625 0.38125 0.6703125 0.3145833333333333 0.63125 0.29791666666666666 0.6265625 0.29791666666666666
1 0.5484375 0.37083333333333335 0.5140625 0.38333333333333336 0.525 0.44166666666666665 0.5640625 0.43125 0.565625 0.41458333333333336 0.5546875 0.37083333333333335 0.5484375 0.37083333333333335
2 0.5796875 0.2875 0.5484375 0.29791666666666666 0.5453125 0.30833333333333335 0.5546875 0.36875 0.5609375 0.37916666666666665 0.5734375 0.47291666666666665 0.578125 0.4791666666666667 0.5921875 0.475 0.596875 0.48125 0.60625 0.4041666666666667 0.5875 0.2875 0.5796875 0.2875
3 0.478125 0.22708333333333333 0.4328125 0.325 0.4359375 0.3375 0.4671875 0.36041666666666666 0.4765625 0.35208333333333336 0.5171875 0.2604166666666667 0.5140625 0.2520833333333333 0.4828125 0.22708333333333333 0.478125 0.22708333333333333
5 0.53125 0.30833333333333335 0.5015625 0.31666666666666665 0.5046875 0.3729166666666667 0.5109375 0.38333333333333336 0.5515625 0.36875 0.54375 0.30833333333333335 0.53125 0.30833333333333335
9 0.3859375 0.21458333333333332 0.38125 0.22083333333333333 0.3828125 0.27708333333333335 0.3921875 0.2875 0.4265625 0.2875 0.4265625 0.22083333333333333 0.39453125 0.21458333333333332 0.3859375 0.21458333333333332
10 0.521875 0.4979166666666667 0.4953125 0.5208333333333334 0.4890625 0.5333333333333333 0.5359375 0.625 0.54375 0.6270833333333333 0.575 0.5958333333333333 0.5234375 0.4979166666666667 0.521875 0.4979166666666667
11 0.5515625 0.4354166666666667 0.515625 0.4666666666666667 0.525 0.5 0.5453125 0.53125 0.58125 0.4979166666666667 0.553125 0.4354166666666667 0.5515625 0.4354166666666667
11 0.4578125 0.5541666666666667 0.4515625 0.6166666666666667 0.49375 0.6270833333333333 0.503125 0.5645833333333333 0.471875 0.5541666666666667 0.4578125 0.5541666666666667
14 0.3546875 0.5979166666666667 0.3453125 0.64375 0.3484375 0.65625 0.4796875 0.6895833333333333 0.4875 0.6458333333333334 0.4859375 0.6291666666666667 0.3640625 0.5979166666666667 0.3546875 0.5979166666666667
15 0.6140625 0.375 0.6078125 0.3875 0.6 0.5 0.6390625 0.5083333333333333 0.6453125 0.5041666666666667 0.646875 0.49375 0.65625 0.38333333333333336 0.6203125 0.375 0.6140625 0.375
13 0.378125 0.4791666666666667 0.36875 0.5354166666666667 0.4109375 0.5458333333333333 0.421875 0.49375 0.415625 0.48541666666666666 0.3875 0.4791666666666667 0.378125 0.4791666666666667
11 0.43125 0.49375 0.4234375 0.5 0.4171875 0.51875 0.41875 0.5395833333333333 0.4328125 0.55625 0.446875 0.55625 0.4625 0.5416666666666666 0.465625 0.51875 0.4546875 0.4979166666666667 0.43984375 0.49375 0.43125 0.49375