5 0.34931875 0.31156666666666666 0.40030625000000003 0.33470833333333333 0.41223906250000003 0.27858750000000004 0.4079 0.26759374999999996 0.3616859375 0.25226041666666665 0.34931875 0.31156666666666666
11 0.3658078125 0.40703125 0.4187484375 0.42091666666666666 0.429596875 0.3561166666666667 0.37904218749999996 0.34830625000000004 0.3658078125 0.40703125
11 0.41853125 0.42207500000000003 0.4760265625 0.44348125 0.486659375 0.38707083333333336 0.43068125 0.35814166666666664 0.41853125 0.42207500000000003
10 0.5024968750000001 0.3844666666666667 0.5283171875 0.34107291666666667 0.46300937500000006 0.2647 0.43458593749999996 0.3066479166666667 0.5024968750000001 0.3844666666666667
14 0.5537140625 0.37318541666666666 0.584090625 0.33036875 0.48839375 0.20452916666666668 0.4571515625 0.24531875 0.5537140625 0.37318541666666666
7 0.6398375 0.37868124999999997 0.6667421874999999 0.33644375 0.5999156250000001 0.2571791666666667 0.5704078124999999 0.3008625 0.6398375 0.37868124999999997
9 0.6094625 0.42149583333333335 0.637234375 0.3757875 0.6027359375 0.3407833333333333 0.57518125 0.38620208333333333 0.6094625 0.42149583333333335
12 0.5042328125 0.4484 0.5057515625 0.4637333333333334 0.5408999999999999 0.46546875000000004 0.5571734375 0.46951875 0.594709375 0.47530416666666664 0.6020859375 0.41600000000000004 0.5840765625000001 0.41310625 0.5643328125 0.4122395833333333 0.545240625 0.4081895833333334 0.5248453125 0.39922083333333336 0.51204375 0.3945916666666667 0.5042328125 0.4484
1 0.6274703125000001 0.5007625 0.6597984375 0.4611291666666667 0.628771875 0.42207500000000003 0.5979625000000001 0.46286458333333336 0.6274703125000001 0.5007625
8 0.5736625 0.5635375 0.6138015625000001 0.5508083333333332 0.6012171875 0.47848541666666666 0.5606453124999999 0.48861041666666666 0.5736625 0.5635375
3 0.5617296875 0.626025 0.650253125 0.5994104166666666 0.6404890625 0.54241875 0.5532671875 0.5722166666666666 0.5617296875 0.626025
4 0.5014125 0.6555312499999999 0.5467593749999999 0.6404895833333334 0.5335234375 0.56266875 0.48904531249999994 0.5751083333333333 0.5014125 0.6555312499999999
13 0.5931890625 0.6833041666666666 0.6374515625 0.6702854166666667 0.628771875 0.6124270833333333 0.5853796874999999 0.6237104166666666 0.5931890625 0.6833041666666666