1 0.465625 0.4583333333333333 0.4875 0.49166666666666664 0.4984375 0.4895833333333333 0.521875 0.4583333333333333 0.4984375 0.41458333333333336 0.49375 0.41458333333333336 0.4640625 0.4479166666666667 0.465625 0.4583333333333333
2 0.453125 0.2556541666666667 0.465625 0.3014875 0.475 0.30357083333333335 0.59375 0.2452375 0.59375 0.2264875 0.5796875 0.18482083333333332 0.5765625 0.18482083333333332 0.45625 0.2452375 0.453125 0.2556541666666667
3 0.4984375 0.38125 0.528125 0.4041666666666667 0.540625 0.3875 0.578125 0.3020833333333333 0.546875 0.2708333333333333 0.5421875 0.2708333333333333 0.49375 0.36875 0.4984375 0.38125
5 0.5109375 0.56875 0.51875 0.56875 0.5359375 0.51875 0.5046875 0.49166666666666664 0.496875 0.49166666666666664 0.478125 0.54375 0.5109375 0.56875
7 0.4046875 0.49583333333333335 0.4125 0.49583333333333335 0.4296875 0.48125 0.4796875 0.4270833333333333 0.4578125 0.38333333333333336 0.453125 0.38333333333333336 0.384375 0.45208333333333334 0.4046875 0.49583333333333335
6 0.3875 0.5541666666666667 0.4921875 0.625 0.5109375 0.6270833333333333 0.525 0.5854166666666667 0.5234375 0.5770833333333333 0.409375 0.5 0.40625 0.5 0.3875 0.5416666666666666 0.3875 0.5541666666666667
8 0.609375 0.5604166666666667 0.6453125 0.5333333333333333 0.6453125 0.5229166666666667 0.621875 0.4708333333333333 0.6140625 0.4708333333333333 0.584375 0.49166666666666664 0.609375 0.5604166666666667
13 0.54375 0.5333333333333333 0.5609375 0.56875 0.56875 0.56875 0.5984375 0.54375 0.5921875 0.5166666666666667 0.578125 0.49166666666666664 0.575 0.49166666666666664 0.5421875 0.51875 0.54375 0.5333333333333333
4 0.51875 0.4708333333333333 0.5234375 0.5 0.5390625 0.5125 0.5578125 0.50625 0.5671875 0.4895833333333333 0.565625 0.4625 0.5484375 0.44583333333333336 0.5390625 0.44583333333333336 0.5296875 0.45 0.51875 0.4708333333333333
8 0.3296875 0.36875 0.3359375 0.425 0.3453125 0.43125 0.365625 0.4270833333333333 0.428125 0.4041666666666667 0.41875 0.3458333333333333 0.409375 0.3458333333333333 0.378125 0.3625 0.3296875 0.36875
9 0.5546875 0.4479166666666667 0.5640625 0.4583333333333333 0.571875 0.4479166666666667 0.584375 0.39791666666666664 0.5484375 0.3770833333333333 0.5453125 0.3770833333333333 0.5265625 0.4354166666666667 0.5546875 0.4479166666666667
11 0.6078125 0.6395833333333333 0.6328125 0.5916666666666667 0.5984375 0.5520833333333334 0.590625 0.5520833333333334 0.565625 0.6 0.6078125 0.6395833333333333
9 0.515625 0.63125 0.5328125 0.6770833333333334 0.571875 0.65625 0.553125 0.5979166666666667 0.5515625 0.5979166666666667 0.515625 0.61875 0.515625 0.63125
10 0.625 0.46875 0.6546875 0.35208333333333336 0.615625 0.33541666666666664 0.6140625 0.33541666666666664 0.584375 0.45 0.625 0.46875
14 0.421875 0.2125 0.4328125 0.24791666666666667 0.4453125 0.2520833333333333 0.4578125 0.23958333333333334 0.5609375 0.18958333333333333 0.5625 0.17708333333333334 0.546875 0.13541666666666666 0.5421875 0.13541666666666666 0.4234375 0.19166666666666668 0.421875 0.2125