1 0.5234375 0.2604166666666667 0.5515625 0.2916666666666667 0.5765625 0.25625 0.5828125 0.23541666666666666 0.553125 0.2 0.546875 0.2 0.525 0.2375 0.5234375 0.2604166666666667
3 0.3703125 0.39791666666666664 0.40625 0.38333333333333336 0.453125 0.35208333333333336 0.4390625 0.29791666666666666 0.4328125 0.29791666666666666 0.353125 0.33958333333333335 0.3703125 0.39791666666666664
5 0.571875 0.35833333333333334 0.6109375 0.3729166666666667 0.621875 0.35208333333333336 0.6296875 0.30833333333333335 0.5953125 0.2916666666666667 0.5859375 0.2916666666666667 0.5734375 0.33541666666666664 0.571875 0.35833333333333334
6 0.521875 0.725 0.5296875 0.7354166666666667 0.5546875 0.73125 0.5671875 0.7208333333333333 0.546875 0.5416666666666666 0.5375 0.5416666666666666 0.5046875 0.55 0.521875 0.725
7 0.503125 0.5083333333333333 0.5125 0.51875 0.5203125 0.5166666666666667 0.546875 0.48333333333333334 0.490625 0.3875 0.4890625 0.3854166666666667 0.45625 0.41875 0.503125 0.5083333333333333
12 0.384375 0.5916666666666667 0.425 0.56875 0.41875 0.5354166666666667 0.3890625 0.45416666666666666 0.3859375 0.45416666666666666 0.3484375 0.47708333333333336 0.384375 0.5916666666666667
4 0.303125 0.5333333333333333 0.3078125 0.5604166666666667 0.325 0.5770833333333333 0.35 0.5666666666666667 0.359375 0.55 0.35625 0.5229166666666667 0.346875 0.5125 0.33125 0.5083333333333333 0.325 0.5083333333333333 0.3109375 0.5166666666666667 0.303125 0.5333333333333333
14 0.459375 0.33125 0.5453125 0.4666666666666667 0.56875 0.44375 0.5765625 0.4270833333333333 0.49375 0.28958333333333336 0.4875 0.28958333333333336 0.4578125 0.3229166666666667 0.459375 0.33125
10 0.3484375 0.2916666666666667 0.4390625 0.29583333333333334 0.4421875 0.23958333333333334 0.4390625 0.23333333333333334 0.4203125 0.23125 0.4125 0.23125 0.35 0.23125 0.3484375 0.2916666666666667
9 0.559375 0.55 0.6015625 0.5479166666666667 0.603125 0.49375 0.5984375 0.4875 0.5903125 0.4875 0.55625 0.4895833333333333 0.559375 0.55
11 0.384375 0.6708333333333333 0.4109375 0.6666666666666666 0.43125 0.6520833333333333 0.4171875 0.5958333333333333 0.4125 0.5958333333333333 0.371875 0.6145833333333334 0.384375 0.6708333333333333
11 0.634375 0.5520833333333334 0.646875 0.55625 0.671875 0.5104166666666666 0.634375 0.46458333333333335 0.6328125 0.46458333333333335 0.6046875 0.5125 0.634375 0.5520833333333334
13 0.565625 0.5604166666666667 0.5625 0.6104166666666667 0.603125 0.61875 0.6125 0.5645833333333333 0.584375 0.5520833333333334 0.5765625 0.5520833333333334 0.56875 0.5520833333333334 0.565625 0.5604166666666667
8 0.5796875 0.73125 0.609375 0.7729166666666667 0.653125 0.7229166666666667 0.625 0.6770833333333334 0.6203125 0.6770833333333334 0.603125 0.69375 0.5796875 0.73125