1 0.44375 0.45 0.45 0.45625 0.490625 0.45625 0.4921875 0.40208333333333335 0.4828125 0.3958333333333333 0.4484375 0.39375 0.44375 0.4375 0.44375 0.45
3 0.503125 0.6708333333333333 0.5453125 0.6916666666666667 0.5796875 0.5791666666666667 0.5390625 0.5583333333333333 0.503125 0.6625 0.503125 0.6708333333333333
8 0.6484375 0.55625 0.671875 0.6208333333333333 0.7140625 0.5958333333333333 0.703125 0.5541666666666667 0.6890625 0.5291666666666667 0.6484375 0.5520833333333334 0.6484375 0.55625
5 0.4484375 0.5 0.4546875 0.5375 0.4890625 0.5333333333333333 0.5015625 0.5229166666666667 0.49375 0.4708333333333333 0.453125 0.475 0.4484375 0.4895833333333333 0.4484375 0.5
7 0.296875 0.45416666666666666 0.3109375 0.47291666666666665 0.33125 0.48333333333333334 0.378125 0.39375 0.3796875 0.38125 0.3453125 0.3541666666666667 0.2984375 0.4395833333333333 0.2953125 0.45416666666666666 0.296875 0.45416666666666666
9 0.38125 0.43125 0.428125 0.4375 0.43125 0.37916666666666665 0.3890625 0.37083333333333335 0.38125 0.41458333333333336 0.38125 0.43125
4 0.33125 0.63125 0.3421875 0.6520833333333333 0.359375 0.65625 0.3859375 0.6333333333333333 0.3890625 0.6125 0.3765625 0.5895833333333333 0.359375 0.5875 0.3421875 0.5958333333333333 0.33125 0.6208333333333333 0.33125 0.63125
11 0.4578125 0.33958333333333335 0.4640625 0.3854166666666667 0.509375 0.3770833333333333 0.5125 0.37083333333333335 0.5046875 0.3104166666666667 0.4703125 0.32083333333333336 0.4578125 0.33125 0.4578125 0.33958333333333335
11 0.240625 0.38958333333333334 0.2546875 0.3958333333333333 0.3 0.3958333333333333 0.30625 0.38125 0.303125 0.36875 0.3078125 0.36666666666666664 0.303125 0.32708333333333334 0.2578125 0.3229166666666667 0.240625 0.3854166666666667 0.240625 0.38958333333333334
14 0.4609375 0.6416666666666667 0.4953125 0.6666666666666666 0.5015625 0.6645833333333333 0.534375 0.5625 0.5578125 0.5083333333333333 0.5546875 0.4979166666666667 0.5234375 0.4791666666666667 0.515625 0.48541666666666666 0.4609375 0.6395833333333333 0.4609375 0.6416666666666667
12 0.403125 0.5291666666666667 0.4125 0.56875 0.415625 0.6395833333333333 0.459375 0.6354166666666666 0.4640625 0.6208333333333333 0.459375 0.5666666666666667 0.446875 0.5125 0.403125 0.5229166666666667 0.403125 0.5291666666666667
13 0.4078125 0.36875 0.4515625 0.3770833333333333 0.4546875 0.32083333333333336 0.4421875 0.3125 0.409375 0.3145833333333333 0.4078125 0.35625 0.4078125 0.36875
10 0.55 0.7145833333333333 0.5890625 0.7375 0.6265625 0.6291666666666667 0.5859375 0.6041666666666666 0.55 0.70625 0.55 0.7145833333333333