14 0.390625 0.3145833333333333 0.39375 0.32083333333333336 0.434375 0.31666666666666665 0.428125 0.13333333333333333 0.396875 0.12916666666666668 0.3953125 0.12916666666666668 0.384375 0.13333333333333333 0.390625 0.3145833333333333
12 0.5984375 0.51875 0.6078125 0.5166666666666667 0.659375 0.425 0.6578125 0.4166666666666667 0.6265625 0.3875 0.6234375 0.3875 0.56875 0.48541666666666666 0.5984375 0.51875
4 0.4390625 0.6208333333333333 0.4515625 0.6375 0.4734375 0.6395833333333333 0.484375 0.6229166666666667 0.4859375 0.5958333333333333 0.46875 0.575 0.45625 0.575 0.4421875 0.5875 0.4390625 0.6208333333333333
2 0.5765625 0.40625 0.61875 0.38958333333333334 0.5828125 0.2125 0.5796875 0.2125 0.540625 0.23125 0.5765625 0.40625
1 0.5125 0.5083333333333333 0.540625 0.5041666666666667 0.553125 0.49375 0.5484375 0.44166666666666665 0.5421875 0.4395833333333333 0.540625 0.4375 0.5046875 0.4479166666666667 0.5125 0.5083333333333333
3 0.6171875 0.7166666666666667 0.6484375 0.6020833333333333 0.6078125 0.58125 0.60625 0.58125 0.5765625 0.6979166666666666 0.6171875 0.7166666666666667
5 0.5234375 0.5354166666666667 0.5421875 0.5708333333333333 0.5515625 0.5770833333333333 0.5859375 0.5395833333333333 0.559375 0.49375 0.55625 0.49375 0.53125 0.51875 0.5234375 0.5354166666666667
6 0.4046875 0.5625 0.425 0.5666666666666667 0.4359375 0.5541666666666667 0.4578125 0.3854166666666667 0.4203125 0.3729166666666667 0.4171875 0.3729166666666667 0.390625 0.5520833333333334 0.4046875 0.5625
7 0.440625 0.5520833333333334 0.4953125 0.5916666666666667 0.50625 0.60625 0.5171875 0.60625 0.5359375 0.5708333333333333 0.53125 0.55625 0.4625 0.5020833333333333 0.4578125 0.5020833333333333 0.440625 0.5375 0.440625 0.5520833333333334
8 0.496875 0.44375 0.50625 0.36875 0.4734375 0.36666666666666664 0.46875 0.36041666666666666 0.465625 0.36041666666666666 0.4546875 0.4354166666666667 0.496875 0.44375
9 0.33125 0.49166666666666664 0.35625 0.5083333333333333 0.38125 0.46041666666666664 0.346875 0.4270833333333333 0.340625 0.4270833333333333 0.31875 0.47291666666666665 0.33125 0.49166666666666664
10 0.421875 0.7541666666666667 0.446875 0.7625 0.453125 0.7541666666666667 0.478125 0.6458333333333334 0.453125 0.6395833333333333 0.440625 0.6270833333333333 0.4375 0.6270833333333333 0.4078125 0.7416666666666667 0.421875 0.7541666666666667
11 0.4578125 0.44166666666666665 0.453125 0.48541666666666666 0.4953125 0.49583333333333335 0.5 0.4875 0.5046875 0.43333333333333335 0.5015625 0.43333333333333335 0.4953125 0.4479166666666667 0.4578125 0.44166666666666665
11 0.471875 0.35833333333333334 0.5125 0.35625 0.515625 0.33958333333333335 0.5078125 0.28125 0.503125 0.28125 0.465625 0.28958333333333336 0.471875 0.35833333333333334
13 0.5703125 0.6541666666666667 0.5828125 0.5958333333333333 0.55 0.5791666666666667 0.540625 0.5791666666666667 0.5296875 0.6375 0.5703125 0.6541666666666667