3 0.465865625 0.266075 0.5403765625 0.20308125 0.5199265625 0.15481875 0.4423609375 0.21969166666666667 0.465865625 0.266075
1 0.542021875 0.2516583333333334 0.585975 0.25479166666666664 0.5869156249999999 0.19963541666666668 0.5424921875 0.19587291666666667 0.542021875 0.2516583333333334
8 0.489840625 0.32373958333333336 0.536615625 0.27986458333333336 0.5133453125 0.23818333333333333 0.4661015625 0.2779833333333333 0.489840625 0.32373958333333336
6 0.4628109375 0.4014625 0.49665781249999996 0.36792916666666664 0.4181515625 0.2222 0.38595 0.25510625 0.4628109375 0.4014625
13 0.532384375 0.31339791666666666 0.5692875 0.34818541666666664 0.5920875 0.29866875 0.5587093750000001 0.26670208333333334 0.532384375 0.31339791666666666
5 0.5145203125 0.3836 0.5481328125 0.4202666666666667 0.5756328125 0.3745104166666666 0.5441374999999999 0.33941041666666666 0.5145203125 0.3836
11 0.40686875 0.46445624999999996 0.461165625 0.41117708333333336 0.4369546875 0.36416875 0.40569375 0.38767291666666664 0.3824234375 0.4158791666666667 0.40686875 0.46445624999999996
2 0.42919843750000003 0.6484208333333333 0.4708015625 0.6308708333333333 0.4327234375 0.4610083333333333 0.391825 0.47542500000000004 0.42919843750000003 0.6484208333333333
7 0.3788984375 0.7505875 0.46375 0.7910166666666666 0.47855781249999996 0.7371125000000001 0.3944109375 0.6988770833333333 0.3788984375 0.7505875
9 0.5784546875000001 0.7035791666666668 0.6233484375 0.7342916666666667 0.6365109375 0.6778791666666667 0.5930265625 0.6556291666666667 0.5784546875000001 0.7035791666666668
11 0.4945421875 0.7079666666666667 0.5711671875000001 0.7054583333333333 0.5692875 0.6443458333333333 0.49313124999999997 0.6471666666666667 0.4945421875 0.7079666666666667
14 0.4926609375 0.6101854166666667 0.6231140625 0.6618958333333332 0.637215625 0.60861875 0.5051187500000001 0.5572208333333334 0.4926609375 0.6101854166666667
12 0.5589453125 0.4368770833333333 0.5330890625 0.5544 0.5753984375 0.5722645833333334 0.6014890625 0.45317291666666665 0.5587093750000001 0.43593541666666663 0.5589453125 0.4368770833333333
10 0.67059375 0.35570625 0.583390625 0.38641875 0.5951421875 0.43875625 0.6830499999999999 0.40961041666666664 0.67059375 0.35570625
4 0.6137109374999999 0.44283125 0.607365625 0.4491 0.60336875 0.4638291666666667 0.60454375 0.48169166666666663 0.6123015625 0.4983020833333333 0.6266390625 0.49986875000000003 0.6388609375 0.49642291666666666 0.6463828125 0.4860791666666667 0.6508484375 0.46884374999999995 0.6473234375 0.4544270833333333 0.63933125 0.44439791666666667 0.631340625 0.44032499999999997 0.6207625 0.43813124999999997 0.6137109374999999 0.44283125