11 0.7109375 0.59375 0.6984375 0.5458333333333333 0.646875 0.5666666666666667 0.653125 0.58125 0.6546875 0.6145833333333334 0.6640625 0.6270833333333333 0.7109375 0.6020833333333333 0.7109375 0.59375
11 0.653125 0.6229166666666667 0.64375 0.5979166666666667 0.6125 0.5604166666666667 0.5796875 0.5979166666666667 0.621875 0.6625 0.653125 0.6291666666666667 0.653125 0.6229166666666667
2 0.6 0.6375 0.590625 0.6166666666666667 0.5703125 0.59375 0.4765625 0.7020833333333333 0.4703125 0.71875 0.4984375 0.7583333333333333 0.6 0.6395833333333333 0.6 0.6375
1 0.5109375 0.6479166666666667 0.490625 0.6229166666666667 0.4734375 0.6145833333333334 0.4515625 0.6625 0.478125 0.6916666666666667 0.4875 0.69375 0.5109375 0.6520833333333333 0.5109375 0.6479166666666667
9 0.58125 0.5541666666666667 0.5703125 0.5 0.528125 0.5125 0.5328125 0.5666666666666667 0.5484375 0.56875 0.58125 0.55625 0.58125 0.5541666666666667
13 0.5265625 0.4979166666666667 0.48125 0.4875 0.4703125 0.5395833333333333 0.5171875 0.55625 0.5265625 0.5145833333333333 0.5265625 0.4979166666666667
4 0.51875 0.33125 0.5046875 0.3125 0.4875 0.3125 0.4734375 0.32708333333333334 0.4703125 0.35625 0.484375 0.3770833333333333 0.5046875 0.37916666666666665 0.5140625 0.36666666666666664 0.51875 0.34270833333333334 0.51875 0.33125
8 0.6296875 0.37916666666666665 0.6046875 0.34791666666666665 0.5953125 0.34375 0.56875 0.38125 0.5640625 0.40208333333333335 0.5859375 0.43333333333333335 0.596875 0.4354166666666667 0.6296875 0.3854166666666667 0.6296875 0.37916666666666665
12 0.628125 0.43125 0.6171875 0.4270833333333333 0.5984375 0.4395833333333333 0.575 0.42916666666666664 0.5625 0.4041666666666667 0.5640625 0.3645833333333333 0.559375 0.35833333333333334 0.5484375 0.3645833333333333 0.528125 0.40208333333333335 0.540625 0.42291666666666666 0.5953125 0.4791666666666667 0.60625 0.47708333333333336 0.628125 0.4375 0.628125 0.43125
5 0.665625 0.48541666666666666 0.6296875 0.46041666666666664 0.6203125 0.46041666666666664 0.609375 0.4791666666666667 0.6015625 0.5145833333333333 0.634375 0.5416666666666666 0.6453125 0.5416666666666666 0.665625 0.49166666666666664 0.665625 0.48541666666666666
10 0.5671875 0.45416666666666666 0.525 0.40625 0.496875 0.38333333333333336 0.471875 0.4270833333333333 0.4734375 0.4354166666666667 0.5390625 0.5020833333333333 0.546875 0.5 0.56875 0.45625 0.5671875 0.45416666666666666
3 0.46875 0.45 0.4625 0.35833333333333334 0.4203125 0.35833333333333334 0.421875 0.47708333333333336 0.4671875 0.4791666666666667 0.46875 0.4635416666666667 0.46875 0.45
7 0.46875 0.5979166666666667 0.4515625 0.5520833333333334 0.3703125 0.5979166666666667 0.3671875 0.6104166666666667 0.3796875 0.6479166666666667 0.390625 0.6520833333333333 0.46875 0.6083333333333333 0.46875 0.5979166666666667
6 0.465625 0.5375 0.465625 0.5229166666666667 0.4546875 0.49166666666666664 0.446875 0.4895833333333333 0.3359375 0.5479166666666667 0.3234375 0.5583333333333333 0.3234375 0.56875 0.334375 0.6041666666666666 0.346875 0.6083333333333333 0.375 0.5979166666666667 0.4671875 0.5395833333333333 0.465625 0.5375
14 0.4171875 0.35625 0.4140625 0.3104166666666667 0.3859375 0.30833333333333335 0.3703125 0.3145833333333333 0.3703125 0.49583333333333335 0.4046875 0.4979166666666667 0.415625 0.49166666666666664 0.4171875 0.366875 0.4171875 0.35625