1 0.3171875 0.39791666666666664 0.3015625 0.38958333333333334 0.275 0.42916666666666664 0.275 0.4375 0.303125 0.4666666666666667 0.3203125 0.46875 0.34375 0.43125 0.3171875 0.39791666666666664
3 0.3890625 0.5625 0.3484375 0.58125 0.3484375 0.5895833333333333 0.3796875 0.6958333333333333 0.4234375 0.6729166666666667 0.4125 0.625 0.3890625 0.5625
5 0.3890625 0.3375 0.35625 0.32708333333333334 0.34375 0.3729166666666667 0.34375 0.3854166666666667 0.3765625 0.40208333333333335 0.39375 0.4041666666666667 0.4046875 0.35208333333333336 0.3890625 0.3375
6 0.6734375 0.4270833333333333 0.665625 0.41041666666666665 0.53125 0.4375 0.53125 0.45 0.5375 0.49375 0.66875 0.4708333333333333 0.6765625 0.46041666666666664 0.6734375 0.4270833333333333
7 0.5125 0.47291666666666665 0.4875 0.4375 0.415625 0.5125 0.4140625 0.5145833333333333 0.4390625 0.5583333333333333 0.50625 0.49583333333333335 0.5140625 0.48333333333333334 0.5125 0.47291666666666665
12 0.5265625 0.6083333333333333 0.465625 0.6479166666666667 0.465625 0.6520833333333333 0.4828125 0.7020833333333333 0.56875 0.6541666666666667 0.5515625 0.6 0.5265625 0.6083333333333333
4 0.5578125 0.7333333333333333 0.55 0.7 0.5375 0.6875 0.5171875 0.6916666666666667 0.509375 0.7041666666666667 0.50625 0.725 0.50625 0.7333333333333333 0.5125 0.7520833333333333 0.525 0.7625 0.5453125 0.75625 0.5578125 0.7333333333333333
14 0.4578125 0.4083333333333333 0.4453125 0.39791666666666664 0.3421875 0.5083333333333333 0.3421875 0.5166666666666667 0.3671875 0.55625 0.3734375 0.5541666666666667 0.475 0.4395833333333333 0.4578125 0.4083333333333333
10 0.3046875 0.5770833333333333 0.3 0.58125 0.2984375 0.60625 0.2984375 0.6166666666666667 0.2984375 0.7 0.34375 0.7020833333333333 0.346875 0.58125 0.3046875 0.5770833333333333
9 0.4953125 0.3625 0.490625 0.36875 0.490625 0.37958333333333333 0.4921875 0.425 0.5375 0.42083333333333334 0.5359375 0.3645833333333333 0.4953125 0.3625
11 0.6140625 0.5916666666666667 0.571875 0.6104166666666667 0.571875 0.6166666666666667 0.5859375 0.6708333333333333 0.628125 0.6541666666666667 0.625 0.61875 0.6140625 0.5916666666666667
11 0.5078125 0.2708333333333333 0.4734375 0.32083333333333336 0.4734375 0.3229166666666667 0.509375 0.36041666666666666 0.5390625 0.32083333333333336 0.5421875 0.30416666666666664 0.5078125 0.2708333333333333
13 0.5890625 0.3625 0.5484375 0.35 0.5390625 0.3875 0.5390625 0.39791666666666664 0.5390625 0.4083333333333333 0.5453125 0.4125 0.5828125 0.4166666666666667 0.5890625 0.3625
8 0.6671875 0.29583333333333334 0.6328125 0.3333333333333333 0.6328125 0.33958333333333335 0.6453125 0.3625 0.6734375 0.39375 0.7046875 0.3541666666666667 0.6671875 0.29583333333333334