1 0.421875 0.47708333333333336 0.4265625 0.4895833333333333 0.4671875 0.4875 0.4671875 0.43333333333333335 0.4625 0.425 0.453125 0.425 0.4203125 0.43125 0.421875 0.47708333333333336
3 0.559375 0.60625 0.64375 0.5604166666666667 0.628125 0.5041666666666667 0.621875 0.5041666666666667 0.54375 0.5520833333333334 0.559375 0.60625
8 0.540625 0.7708333333333334 0.571875 0.7854166666666667 0.590625 0.7291666666666666 0.5421875 0.6979166666666666 0.5390625 0.6979166666666666 0.521875 0.7520833333333333 0.540625 0.7708333333333334
5 0.478125 0.49166666666666664 0.5171875 0.5020833333333333 0.525 0.48541666666666666 0.528125 0.4395833333333333 0.5 0.43125 0.4921875 0.43125 0.48125 0.4375 0.478125 0.49166666666666664
7 0.390625 0.29375 0.4109375 0.33958333333333335 0.4203125 0.3375 0.4875 0.275 0.4796875 0.24791666666666667 0.465625 0.22916666666666666 0.465625 0.22708333333333333 0.4546875 0.23125 0.390625 0.29375
9 0.409375 0.4083333333333333 0.453125 0.4041666666666667 0.4484375 0.3416666666666667 0.4359375 0.3416666666666667 0.403125 0.35208333333333336 0.409375 0.4083333333333333
4 0.565625 0.3125 0.5671875 0.33541666666666664 0.584375 0.35208333333333336 0.6 0.34791666666666665 0.6171875 0.3125 0.6140625 0.28958333333333336 0.5984375 0.275 0.590625 0.275 0.571875 0.28958333333333336 0.565625 0.3125
11 0.3578125 0.50625 0.403125 0.5166666666666667 0.4078125 0.5125 0.4140625 0.45208333333333334 0.3796875 0.44375 0.3734375 0.44375 0.365625 0.46041666666666664 0.3578125 0.50625
11 0.3703125 0.2375 0.4 0.24375 0.4015625 0.2375 0.4109375 0.24166666666666667 0.421875 0.23333333333333334 0.421875 0.17291666666666666 0.4171875 0.15416666666666667 0.4140625 0.15416666666666667 0.3671875 0.17708333333333334 0.3703125 0.2375
14 0.484375 0.53125 0.4984375 0.5729166666666666 0.50625 0.5770833333333333 0.546875 0.5458333333333333 0.6234375 0.5020833333333333 0.625 0.49375 0.60625 0.4479166666666667 0.6046875 0.4479166666666667 0.4890625 0.5208333333333334 0.484375 0.53125
12 0.55 0.44583333333333336 0.590625 0.45208333333333334 0.6015625 0.44583333333333336 0.6046875 0.3875 0.5515625 0.38333333333333336 0.521875 0.37083333333333335 0.5171875 0.37083333333333335 0.509375 0.42916666666666664 0.55 0.44583333333333336
13 0.359375 0.42291666666666666 0.365625 0.4395833333333333 0.4078125 0.4354166666666667 0.4015625 0.3770833333333333 0.3921875 0.3770833333333333 0.3609375 0.37916666666666665 0.359375 0.42291666666666666
10 0.596875 0.66875 0.678125 0.61875 0.6609375 0.5666666666666667 0.6546875 0.5666666666666667 0.578125 0.6145833333333334 0.596875 0.66875