12 0.5484375 0.6125 0.625 0.6270833333333333 0.640625 0.6229166666666667 0.6453125 0.5854166666666667 0.6421875 0.5666666666666667 0.56875 0.5520833333333334 0.5609375 0.5520833333333334 0.5515625 0.5541666666666667 0.5484375 0.6125
14 0.5453125 0.16458333333333333 0.5484375 0.34375 0.590625 0.34375 0.590625 0.16041666666666668 0.584375 0.15625 0.5828125 0.15625 0.5484375 0.15833333333333333 0.5453125 0.16458333333333333
13 0.534375 0.7041666666666667 0.5453125 0.6958333333333333 0.5640625 0.6625 0.5625 0.6541666666666667 0.5359375 0.625 0.5328125 0.6208333333333333 0.5015625 0.6645833333333333 0.534375 0.7041666666666667
4 0.40625 0.4895833333333333 0.409375 0.5041666666666667 0.4296875 0.5208333333333334 0.446875 0.5145833333333333 0.4546875 0.4979166666666667 0.4515625 0.4666666666666667 0.4375 0.45416666666666666 0.4234375 0.45416666666666666 0.4109375 0.4666666666666667 0.40625 0.4895833333333333
6 0.3671875 0.5104166666666666 0.396875 0.5166666666666667 0.40625 0.50625 0.40625 0.475 0.4140625 0.45625 0.4328125 0.33541666666666664 0.39375 0.32083333333333336 0.3921875 0.32083333333333336 0.359375 0.4979166666666667 0.3671875 0.5104166666666666
7 0.4734375 0.5145833333333333 0.496875 0.5125 0.503125 0.5 0.4984375 0.39375 0.471875 0.3875 0.4578125 0.3875 0.4578125 0.50625 0.4734375 0.5145833333333333
10 0.40625 0.6479166666666667 0.434375 0.65625 0.4640625 0.5416666666666666 0.425 0.5229166666666667 0.4234375 0.5229166666666667 0.39375 0.6375 0.40625 0.6479166666666667
9 0.3390625 0.35625 0.3609375 0.375 0.3828125 0.3458333333333333 0.3875 0.325 0.353125 0.28958333333333336 0.3484375 0.28958333333333336 0.325 0.3333333333333333 0.3390625 0.35625
11 0.4703125 0.38333333333333336 0.515625 0.37083333333333335 0.50625 0.3104166666666667 0.5015625 0.3104166666666667 0.4640625 0.32083333333333336 0.4703125 0.38333333333333336
11 0.51875 0.42916666666666664 0.5609375 0.42916666666666664 0.565625 0.35 0.546875 0.3458333333333333 0.5380203125 0.3458333333333333 0.5203125 0.3458333333333333 0.51875 0.42916666666666664
1 0.4953125 0.5333333333333333 0.528125 0.5625 0.5453125 0.5375 0.553125 0.5145833333333333 0.521875 0.48333333333333334 0.51875 0.48333333333333334 0.496875 0.51875 0.4953125 0.5333333333333333
2 0.603125 0.5583333333333333 0.634375 0.38333333333333336 0.6 0.36875 0.590625 0.36875 0.5625 0.5479166666666667 0.603125 0.5583333333333333
8 0.6234375 0.28958333333333336 0.6203125 0.35833333333333334 0.6625 0.36666666666666664 0.6671875 0.3541666666666667 0.6703125 0.28958333333333336 0.6453125 0.2833333333333333 0.6359375 0.2833333333333333 0.6265625 0.2833333333333333 0.6234375 0.28958333333333336
3 0.5578125 0.7375 0.5984375 0.7479166666666667 0.603125 0.7416666666666667 0.615625 0.6354166666666666 0.6109375 0.625 0.5828125 0.61875 0.5734375 0.61875 0.56875 0.6291666666666667 0.5578125 0.7375
5 0.484375 0.6020833333333333 0.515625 0.6395833333333333 0.54375 0.6041666666666666 0.5453125 0.5916666666666667 0.5140625 0.5541666666666667 0.5109375 0.5541666666666667 0.484375 0.5916666666666667 0.484375 0.6020833333333333