15 0.196875 0.45208333333333334 0.2296875 0.48333333333333334 0.2453125 0.48333333333333334 0.2609375 0.4375 0.2890625 0.39166666666666666 0.265625 0.39166666666666666 0.2578125 0.3729166666666667 0.2578125 0.35625 0.2484375 0.3541666666666667 0.2484375 0.4 0.2390625 0.41041666666666665 0.21875 0.40625 0.196875 0.45 0.196875 0.45208333333333334
0 0.125 0 0.125 0.17910625 0.125 0.18958333333333333 0.134375 0.23125 0.159375 0.2916666666666667 0.184375 0.32916666666666666 0.1953125 0.3229166666666667 0.2 0.32916666666666666 0.2171875 0.36666666666666664 0.2265625 0.40625 0.2390625 0.40625 0.246875 0.3958333333333333 0.246875 0.3625 0.2296875 0.3104166666666667 0.23125 0.3020833333333333 0.240625 0.30625 0.259375 0.3458333333333333 0.265625 0.3875 0.2875 0.3875 0.290625 0.3416666666666667 0.3046875 0.3145833333333333 0.3 0.26458333333333334 0.2765625 0.18333333333333332 0.2265625 0.08958333333333333 0.2171875 0.05625 0.21875 0.0375 0.21202445625 0 0.125 0
3 0.29375 0.39791666666666664 0.3296875 0.43333333333333335 0.38125 0.35208333333333336 0.3796875 0.32916666666666666 0.3484375 0.30416666666666664 0.29375 0.39166666666666666 0.29375 0.39791666666666664
2 0.4109375 0.325 0.415625 0.33125 0.54375 0.3645833333333333 0.55 0.34791666666666665 0.553125 0.30833333333333335 0.4203125 0.2708333333333333 0.4109375 0.3229166666666667 0.4109375 0.325
8 0.3828125 0.38958333333333334 0.4125 0.39791666666666664 0.440625 0.3958333333333333 0.446875 0.34375 0.41875 0.3333333333333333 0.3890625 0.3333333333333333 0.384375 0.3416666666666667 0.3828125 0.3729166666666667 0.3828125 0.38958333333333334
1 0.4234375 0.6895833333333333 0.4359375 0.6979166666666666 0.465625 0.7 0.471875 0.6854166666666667 0.475 0.6395833333333333 0.434375 0.63125 0.428125 0.6395833333333333 0.4234375 0.68125 0.4234375 0.6895833333333333
6 0.4796875 0.40625 0.4984375 0.5708333333333333 0.540625 0.5645833333333333 0.5421875 0.5270833333333333 0.528125 0.3875 0.4796875 0.39375 0.4796875 0.40625
5 0.5421875 0.7 0.5859375 0.7041666666666667 0.590625 0.6416666666666667 0.54375 0.6354166666666666 0.5421875 0.6895833333333333 0.5421875 0.7
7 0.3109375 0.5125 0.3265625 0.6208333333333333 0.3703125 0.6145833333333334 0.375 0.6083333333333333 0.371875 0.56875 0.3671875 0.5395833333333333 0.3609375 0.5333333333333333 0.35625 0.49375 0.3109375 0.5020833333333333 0.3109375 0.5125
10 0.35 0.425 0.3640625 0.5333333333333333 0.36875 0.5375 0.4078125 0.5270833333333333 0.4109375 0.5104166666666666 0.4 0.41458333333333336 0.3890625 0.4083333333333333 0.3546875 0.41458333333333336 0.35 0.42083333333333334 0.35 0.425
9 0.365625 0.7104166666666667 0.4 0.7354166666666667 0.421875 0.69375 0.421875 0.68125 0.3875 0.6520833333333333 0.3609375 0.7041666666666667 0.365625 0.7104166666666667
4 0.33125 0.6625 0.346875 0.6833333333333333 0.3625 0.6833333333333333 0.3734375 0.675 0.384375 0.6479166666666667 0.384375 0.63125 0.375 0.6166666666666667 0.34375 0.6208333333333333 0.334375 0.6333333333333333 0.33125 0.6520833333333333 0.33125 0.6625
14 0.5453125 0.5333333333333333 0.6359375 0.6583333333333333 0.64375 0.6583333333333333 0.66875 0.6270833333333333 0.66875 0.6145833333333334 0.5796875 0.49166666666666664 0.5734375 0.49166666666666664 0.5453125 0.5270833333333333 0.5453125 0.5333333333333333
13 0.44375 0.625 0.4875 0.6333333333333333 0.49375 0.6166666666666667 0.4953125 0.5729166666666666 0.4515625 0.5645833333333333 0.446875 0.575 0.44375 0.6208333333333333 0.44375 0.625
11 0.5484375 0.38958333333333334 0.5921875 0.39791666666666664 0.6 0.3645833333333333 0.603125 0.31875 0.55625 0.3104166666666667 0.5484375 0.38333333333333336 0.5484375 0.38958333333333334
11 0.409375 0.4583333333333333 0.4765625 0.46041666666666664 0.475 0.4041666666666667 0.4109375 0.4041666666666667 0.409375 0.4479166666666667 0.409375 0.4583333333333333