7 0.6375 0.22708333333333333 0.5640625 0.29583333333333334 0.5671875 0.3125 0.5859375 0.3458333333333333 0.5921875 0.34791666666666665 0.659375 0.28541666666666665 0.6625 0.26875 0.6390625 0.22708333333333333 0.6375 0.22708333333333333
5 0.384375 0.50625 0.3609375 0.5520833333333334 0.3890625 0.5833333333333334 0.4015625 0.5854166666666667 0.425 0.5395833333333333 0.3921875 0.50625 0.384375 0.50625
6 0.446875 0.5208333333333334 0.425 0.5416666666666666 0.4234375 0.5666666666666667 0.496875 0.6645833333333333 0.5140625 0.6833333333333333 0.51875 0.68125 0.54375 0.6416666666666667 0.4484375 0.51875 0.446875 0.5208333333333334
1 0.4671875 0.4666666666666667 0.4515625 0.50625 0.4515625 0.51875 0.4875 0.5416666666666666 0.4953125 0.53125 0.50625 0.4875 0.4734375 0.4666666666666667 0.4671875 0.4666666666666667
2 0.55625 0.30416666666666664 0.528125 0.32916666666666666 0.521875 0.3416666666666667 0.6 0.48541666666666666 0.6296875 0.46041666666666664 0.634375 0.4479166666666667 0.5578125 0.30416666666666664 0.55625 0.30416666666666664
3 0.5265625 0.4395833333333333 0.490625 0.54375 0.5296875 0.56875 0.565625 0.46041666666666664 0.5296875 0.4354166666666667 0.5265625 0.4395833333333333
11 0.465625 0.2916666666666667 0.4234375 0.33958333333333335 0.446875 0.3875 0.459375 0.38333333333333336 0.4921875 0.35208333333333336 0.49375 0.3375 0.4671875 0.28958333333333336 0.465625 0.2916666666666667
13 0.4984375 0.4041666666666667 0.475 0.4083333333333333 0.4703125 0.41458333333333336 0.4765625 0.4666666666666667 0.5171875 0.4625 0.5171875 0.41041666666666665 0.50625 0.4041666666666667 0.4984375 0.4041666666666667
12 0.484375 0.20208333333333334 0.4421875 0.24791666666666667 0.4109375 0.26666666666666666 0.4140625 0.28541666666666665 0.43125 0.31875 0.4390625 0.32083333333333336 0.4640625 0.2916666666666667 0.471875 0.29583333333333334 0.5078125 0.26458333333333334 0.509375 0.24583333333333332 0.4875 0.20208333333333334 0.484375 0.20208333333333334
14 0.3421875 0.275 0.3375 0.32916666666666666 0.3375 0.4583333333333333 0.3828125 0.4625 0.3859375 0.28541666666666665 0.38125 0.27708333333333335 0.3453125 0.275 0.3421875 0.275
4 0.5375 0.5666666666666667 0.521875 0.5875 0.521875 0.6104166666666667 0.5390625 0.63125 0.5515625 0.63125 0.5671875 0.6145833333333334 0.56875 0.5875 0.5625 0.5729166666666666 0.5453125 0.5666666666666667 0.5375 0.5666666666666667
9 0.4234375 0.4479166666666667 0.3921875 0.48541666666666666 0.4203125 0.5291666666666667 0.4359375 0.5145833333333333 0.440625 0.51875 0.4546875 0.49166666666666664 0.428125 0.4479166666666667 0.4234375 0.4479166666666667
1 0.45 0.6041666666666666 0.415625 0.6541666666666667 0.4453125 0.69375 0.4828125 0.6520833333333333 0.4796875 0.6375 0.453125 0.6041666666666666 0.45 0.6041666666666666
10 0.5921875 0.4875 0.5578125 0.49583333333333335 0.5703125 0.6145833333333334 0.6140625 0.60625 0.6015625 0.4875 0.5921875 0.4875