5 0.53239375 0.26228541666666666 0.5725390625 0.2878125 0.5950828125000001 0.22646249999999998 0.5555546875 0.2005229166666667 0.53239375 0.26228541666666666
8 0.47989531249999995 0.3001666666666667 0.521584375 0.28534375 0.50830625 0.21740416666666668 0.46908593749999994 0.22893333333333335 0.47989531249999995 0.3001666666666667
3 0.6688890625 0.40475 0.6868000000000001 0.35369375 0.607434375 0.30716666666666664 0.60558125 0.30510624999999997 0.5858171875 0.3553395833333333 0.6688890625 0.40475
2 0.4697046875 0.41545625 0.60558125 0.43069166666666664 0.6086703124999999 0.37304583333333335 0.472175 0.3553395833333333 0.4697046875 0.41545625
4 0.5703765625 0.43151458333333337 0.5595687500000001 0.43275 0.5487609375 0.4409854166666667 0.5435109375 0.4537479166666667 0.5447453125 0.47474791666666666 0.552465625 0.4875125 0.568215625 0.49121875 0.5777890625000001 0.48957083333333334 0.5852 0.48174791666666666 0.58890625 0.4673375 0.5876703125 0.4541604166666667 0.583965625 0.44222083333333334 0.5725390625 0.43151458333333337 0.5703765625 0.43151458333333337
1 0.482365625 0.5142770833333333 0.51973125 0.5365104166666667 0.5379515625 0.4875125 0.49749687500000006 0.46527708333333334 0.482365625 0.5142770833333333
15 0.49348281250000003 0.5682145833333333 0.5175703125 0.6159791666666667 0.5935374999999999 0.5496875 0.568525 0.50439375 0.49348281250000003 0.5682145833333333
11 0.60249375 0.66250625 0.6688890625 0.63533125 0.6562265625 0.58056875 0.592303125 0.6032145833333333 0.60249375 0.66250625
7 0.5320843749999999 0.6081562500000001 0.491321875 0.6938 0.530540625 0.7246812499999999 0.5771703125000001 0.6192729166666666 0.54906875 0.5982729166666666 0.5320843749999999 0.6081562500000001
13 0.42152968749999997 0.5274520833333333 0.45704218750000003 0.5583333333333333 0.4811296875 0.5060416666666667 0.44345468749999994 0.4784541666666666 0.42152968749999997 0.5274520833333333
10 0.3338265625 0.7436208333333333 0.42492656249999994 0.7469145833333334 0.4261609375 0.6900937500000001 0.3350625 0.6868 0.3338265625 0.7436208333333333
9 0.3937359375 0.3697520833333333 0.42863281249999996 0.40269166666666667 0.453028125 0.3586354166666667 0.4159703125 0.32651875 0.3937359375 0.3697520833333333
11 0.3894125 0.33681249999999996 0.46445468749999996 0.31910625 0.456734375 0.25940208333333337 0.4147359375 0.2618729166666667 0.38261875 0.27793125 0.3894125 0.33681249999999996
6 0.329503125 0.5155104166666666 0.3767515625 0.5295104166666667 0.39404531249999997 0.34669375 0.34988437499999997 0.3405166666666667 0.329503125 0.5155104166666666
14 0.28318125 0.5056291666666667 0.3270328125 0.5167458333333333 0.3489578125 0.33845833333333336 0.3063421875 0.32692916666666666 0.28318125 0.5056291666666667