14 0.42975 0.20097291666666667 0.5519703125000001 0.28086875 0.5686015624999999 0.23124166666666665 0.4506046875 0.14852916666666666 0.42975 0.20097291666666667
1 0.5678093750000001 0.34105416666666666 0.602125 0.3072666666666667 0.5762562499999999 0.2622145833333333 0.5437875 0.29494791666666664 0.5678093750000001 0.34105416666666666
2 0.6665359375000001 0.3737875 0.695309375 0.3312 0.59631875 0.20801250000000002 0.5699203125000001 0.24356041666666667 0.6665359375000001 0.3737875
10 0.445853125 0.36076458333333333 0.5036625 0.2660854166666667 0.4696109375 0.23440833333333336 0.41259218750000004 0.3216958333333333 0.445853125 0.36076458333333333
5 0.3645484375 0.389275 0.4110078125 0.40511250000000004 0.418928125 0.3484458333333333 0.373259375 0.3340166666666667 0.3645484375 0.389275
6 0.42367968749999996 0.4269354166666667 0.45852343749999996 0.4614270833333334 0.5379796875 0.3111375 0.5026078125 0.2798125 0.42367968749999996 0.4269354166666667
3 0.53586875 0.51809375 0.5683374999999999 0.4857125 0.5168625 0.39103333333333334 0.48439375 0.42060000000000003 0.53586875 0.51809375
11 0.36956406249999996 0.40581666666666666 0.348975 0.4783208333333333 0.38830624999999996 0.5075354166666667 0.41074374999999996 0.44066041666666667 0.36956406249999996 0.407225 0.36956406249999996 0.40581666666666666
11 0.4434765625 0.5737041666666667 0.48439375 0.55399375 0.48676875 0.5392125 0.46353906250000004 0.4983833333333333 0.43344531249999996 0.50683125 0.4434765625 0.5737041666666667
4 0.4054640625 0.45122083333333335 0.40018593750000003 0.4579083333333333 0.40124062499999996 0.47198541666666666 0.40335312500000003 0.4853604166666667 0.41047968749999997 0.49486458333333333 0.42103906249999995 0.5029583333333333 0.4395171875 0.4997916666666667 0.4479640625 0.48641666666666666 0.44902031249999996 0.46811458333333333 0.4434765625 0.4540354166666667 0.43159843750000004 0.4427729166666667 0.41470312500000006 0.44136458333333334 0.4054640625 0.45122083333333335
15 0.5055109375 0.5705375 0.5414109375 0.5353395833333334 0.489409375 0.43714166666666665 0.4535078125 0.46670625 0.5055109375 0.5705375
9 0.58523125 0.47445 0.6132125 0.42763958333333335 0.5775765625 0.3913854166666667 0.5503875 0.43502916666666663 0.58523125 0.47445
7 0.57836875 0.48641666666666666 0.6105734375 0.52266875 0.6678546875 0.42869375 0.6345953125 0.39349791666666667 0.57836875 0.48641666666666666
8 0.599221875 0.5480104166666667 0.6348578125000001 0.5846145833333334 0.671815625 0.5240770833333334 0.6359140625 0.48888125000000004 0.599221875 0.5480104166666667