4 0.5046875 0.66875 0.515625 0.6875 0.5328125 0.6916666666666667 0.5515625 0.6729166666666667 0.5546875 0.6520833333333333 0.540625 0.6229166666666667 0.528125 0.61875 0.5125 0.6291666666666667 0.5046875 0.6583333333333333 0.5046875 0.66875
8 0.390625 0.30625 0.4140625 0.34375 0.4203125 0.34375 0.459375 0.29375 0.43125 0.2520833333333333 0.425 0.2520833333333333 0.390625 0.29583333333333334 0.390625 0.30625
1 0.5375 0.4875 0.54375 0.5270833333333333 0.5859375 0.51875 0.5796875 0.46458333333333335 0.5421875 0.4666666666666667 0.5375 0.475 0.5375 0.4875
5 0.584375 0.4875 0.590625 0.5395833333333333 0.6359375 0.5291666666666667 0.628125 0.4708333333333333 0.584375 0.4791666666666667 0.584375 0.4875
6 0.35 0.3770833333333333 0.35625 0.4166666666666667 0.36875 0.42083333333333334 0.4859375 0.38958333333333334 0.49375 0.38333333333333336 0.4953125 0.37083333333333335 0.484375 0.32916666666666666 0.35 0.3645833333333333 0.35 0.3770833333333333
7 0.2578125 0.4875 0.3125 0.5791666666666667 0.3453125 0.5479166666666667 0.340625 0.5229166666666667 0.2984375 0.45 0.284375 0.45208333333333334 0.2578125 0.48125 0.2578125 0.4875
9 0.5625 0.6166666666666667 0.603125 0.6416666666666667 0.6171875 0.6104166666666667 0.621875 0.5854166666666667 0.58125 0.5625 0.5625 0.6145833333333334 0.5625 0.6166666666666667
11 0.4890625 0.5041666666666667 0.49375 0.5395833333333333 0.5359375 0.5375 0.5359375 0.44166666666666665 0.4921875 0.4375 0.4890625 0.49375 0.4890625 0.5041666666666667
11 0.3359375 0.3104166666666667 0.3421875 0.3541666666666667 0.3859375 0.35208333333333336 0.3890625 0.26666666666666666 0.34375 0.2625 0.3359375 0.3 0.3359375 0.3104166666666667
10 0.309375 0.6125 0.365625 0.7020833333333333 0.3859375 0.6854166666666667 0.4015625 0.6625 0.346875 0.575 0.3375 0.5770833333333333 0.3078125 0.6104166666666667 0.309375 0.6125
13 0.3921875 0.48125 0.4234375 0.5041666666666667 0.4328125 0.5041666666666667 0.4390625 0.4979166666666667 0.453125 0.45416666666666666 0.440625 0.44166666666666665 0.409375 0.42916666666666664 0.3921875 0.47291666666666665 0.3921875 0.48125
15 0.35625 0.5604166666666667 0.4484375 0.58125 0.4546875 0.5645833333333333 0.4578125 0.5229166666666667 0.39375 0.5041666666666667 0.3640625 0.5020833333333333 0.35625 0.54375 0.35625 0.5604166666666667
14 0.584375 0.7020833333333333 0.61875 0.725 0.628125 0.7208333333333333 0.6765625 0.5729166666666666 0.678125 0.5604166666666667 0.6734375 0.5541666666666667 0.6421875 0.5354166666666667 0.634375 0.5416666666666666 0.6203125 0.60625 0.584375 0.6958333333333333 0.584375 0.7020833333333333