11 0.353125 0.525 0.31875 0.4895833333333333 0.2859375 0.5291666666666667 0.271875 0.5604166666666667 0.271875 0.56875 0.296875 0.5979166666666667 0.3078125 0.6020833333333333 0.35 0.5375 0.353125 0.525
11 0.5 0.40208333333333335 0.459375 0.425 0.459375 0.4270833333333333 0.4859375 0.5041666666666667 0.525 0.48333333333333334 0.5234375 0.4625 0.5 0.40208333333333335
9 0.3515625 0.37916666666666665 0.309375 0.375 0.3046875 0.37916666666666665 0.303125 0.40625 0.303125 0.41875 0.30625 0.4375 0.3546875 0.4375 0.35625 0.3854166666666667 0.3515625 0.37916666666666665
7 0.465625 0.68125 0.4578125 0.6604166666666667 0.3671875 0.6895833333333333 0.3671875 0.69375 0.3765625 0.74375 0.4625 0.7208333333333333 0.46875 0.7125 0.465625 0.68125
1 0.525 0.49375 0.484375 0.5104166666666666 0.484375 0.5166666666666667 0.496875 0.5666666666666667 0.5390625 0.5520833333333334 0.534375 0.5166666666666667 0.525 0.49375
3 0.509375 0.28125 0.41875 0.28541666666666665 0.41875 0.29722291666666667 0.421875 0.3458333333333333 0.5140625 0.33958333333333335 0.5140625 0.29791666666666666 0.509375 0.28125
2 0.4328125 0.5270833333333333 0.325 0.6229166666666667 0.3203125 0.6291666666666667 0.3453125 0.6770833333333334 0.453125 0.58125 0.45625 0.56875 0.4328125 0.5270833333333333
14 0.4109375 0.34791666666666665 0.4015625 0.3416666666666667 0.3671875 0.3625 0.3671875 0.36666666666666664 0.415625 0.5291666666666667 0.45625 0.5125 0.4578125 0.5020833333333333 0.4109375 0.34791666666666665
13 0.596875 0.36666666666666664 0.553125 0.3645833333333333 0.55 0.3854166666666667 0.55 0.39791666666666664 0.5515625 0.425 0.59375 0.4270833333333333 0.5984375 0.42083333333333334 0.596875 0.36666666666666664
12 0.55 0.5729166666666666 0.459375 0.575 0.459375 0.5862499999999999 0.4609375 0.6333333333333333 0.553125 0.6291666666666667 0.5546875 0.5916666666666667 0.55 0.5729166666666666
6 0.65625 0.46875 0.5390625 0.46458333333333335 0.5359375 0.49375 0.5359375 0.5125 0.54375 0.5229166666666667 0.6734375 0.5291666666666667 0.6765625 0.475 0.65625 0.46875
5 0.4875 0.4 0.48125 0.37083333333333335 0.46875 0.3458333333333333 0.453125 0.34791666666666665 0.428125 0.3645833333333333 0.428125 0.375 0.440625 0.4166666666666667 0.446875 0.42291666666666666 0.459375 0.42291666666666666 0.4875 0.4
4 0.6265625 0.66875 0.6203125 0.6395833333333333 0.6015625 0.6229166666666667 0.5828125 0.6270833333333333 0.575 0.6416666666666667 0.575 0.6520833333333333 0.5765625 0.6708333333333333 0.590625 0.69375 0.6125 0.6916666666666667 0.6265625 0.66875
8 0.321875 0.28541666666666665 0.315625 0.2833333333333333 0.2953125 0.3 0.2765625 0.32916666666666666 0.2765625 0.33541666666666664 0.3078125 0.375 0.3484375 0.3333333333333333 0.3484375 0.325 0.321875 0.28541666666666665
10 0.6890625 0.5541666666666667 0.6765625 0.5458333333333333 0.5984375 0.5270833333333333 0.5890625 0.5791666666666667 0.5890625 0.58125 0.5921875 0.5875 0.678125 0.6083333333333333 0.684375 0.5958333333333333 0.6890625 0.5541666666666667