11 0.41880625 0.18873958333333332 0.46786093749999996 0.24763958333333333 0.4976375 0.20435833333333334 0.4720109375 0.16270625 0.44858125 0.14415833333333333 0.41880625 0.18873958333333332
6 0.43930625 0.28994166666666665 0.47176718749999996 0.3315958333333333 0.5637765625 0.19296875 0.5325375 0.15554791666666665 0.43930625 0.28994166666666665
14 0.5364421875 0.3276895833333333 0.6282078125 0.18873958333333332 0.59745625 0.15131666666666668 0.505690625 0.28798958333333335 0.5364421875 0.3276895833333333
2 0.40465 0.41815416666666666 0.446628125 0.4113208333333333 0.4288125 0.23039166666666666 0.387565625 0.23462291666666665 0.40465 0.41815416666666666
5 0.4622484375 0.4126229166666667 0.50764375 0.41359999999999997 0.5091078125 0.35014375 0.4629796875 0.34949375 0.4622484375 0.4126229166666667
11 0.574271875 0.37064375 0.6528578125 0.37031875 0.6523703125 0.3088166666666667 0.618934375 0.30361041666666666 0.5762234375 0.3088166666666667 0.574271875 0.37064375
10 0.385125 0.5584083333333333 0.401965625 0.5427875 0.350225 0.4376791666666667 0.3321640625 0.4533 0.385125 0.5584083333333333
4 0.44418749999999996 0.42986874999999997 0.4405265625 0.43865625 0.441015625 0.4513458333333333 0.44516406249999996 0.4643625 0.450778125 0.47477708333333335 0.4624921875 0.47835625 0.4729875 0.473475 0.481528125 0.4627354166666667 0.48616562500000005 0.44906875 0.483725 0.4331229166666667 0.47615937500000005 0.42303541666666666 0.465665625 0.4162020833333333 0.4524859375 0.41782916666666664 0.44418749999999996 0.42986874999999997
13 0.493 0.47315 0.5359546875000001 0.47737916666666663 0.5388828125 0.41880625 0.4942203125 0.4168541666666667 0.493 0.47315
9 0.599165625 0.4969041666666667 0.6345546875 0.46924375 0.6147859375 0.41782916666666664 0.5772 0.4474416666666666 0.599165625 0.4969041666666667
8 0.43613437499999996 0.5724 0.485434375 0.6121 0.50813125 0.5626374999999999 0.4600515625 0.5229374999999999 0.43613437499999996 0.5724
1 0.5415671875 0.5668687499999999 0.5708546875 0.5252145833333334 0.540103125 0.4861666666666667 0.5115484375 0.5261916666666667 0.5415671875 0.5668687499999999
7 0.604290625 0.6599354166666667 0.6384593749999999 0.62706875 0.585009375 0.53205 0.55255 0.5616625000000001 0.604290625 0.6599354166666667
12 0.4405265625 0.6020125000000001 0.4400390625 0.60656875 0.4422359375 0.61600625 0.4422359375 0.6296729166666667 0.44321093749999996 0.6446416666666667 0.43540156249999995 0.65668125 0.42807968750000003 0.6641666666666667 0.41172812499999994 0.6690479166666666 0.4005015625 0.6670958333333333 0.392690625 0.6586354166666666 0.3856140625 0.6462687500000001 0.36877343749999997 0.6579833333333334 0.3890296875 0.7064708333333333 0.471278125 0.6452916666666667 0.4500453125 0.5958291666666666 0.441990625 0.6010375 0.4405265625 0.6020125000000001
3 0.5088640625 0.7432416666666666 0.5510859375 0.7292479166666667 0.5318046875 0.6130770833333333 0.491290625 0.6238145833333333 0.5088640625 0.7432416666666666