12 0.7265625 0.4979166666666667 0.725 0.48541666666666666 0.68125 0.49583333333333335 0.66875 0.45 0.6671875 0.41875 0.6765625 0.41041666666666665 0.7109375 0.40208333333333335 0.709375 0.38333333333333336 0.6890625 0.38333333333333336 0.6578125 0.3958333333333333 0.6515625 0.4083333333333333 0.6515625 0.4270833333333333 0.66875 0.5083333333333333 0.6859375 0.5145833333333333 0.7265625 0.5 0.7265625 0.4979166666666667
8 0.725 0.475 0.7125 0.4041666666666667 0.68125 0.4083333333333333 0.6671875 0.41875 0.66875 0.45 0.68125 0.49583333333333335 0.725 0.48125 0.725 0.475
9 0.559375 0.46041666666666664 0.528125 0.42083333333333334 0.5015625 0.45625 0.528125 0.5 0.534375 0.5 0.559375 0.46875 0.559375 0.46041666666666664
10 0.4671875 0.6166666666666667 0.396875 0.5520833333333334 0.3890625 0.55625 0.36875 0.5958333333333333 0.3703125 0.6041666666666666 0.440625 0.6666666666666666 0.4671875 0.6208333333333333 0.4671875 0.6166666666666667
11 0.58125 0.3958333333333333 0.5484375 0.35625 0.5390625 0.36041666666666666 0.5140625 0.39375 0.5453125 0.4395833333333333 0.5515625 0.4395833333333333 0.58125 0.40208333333333335 0.58125 0.3958333333333333
11 0.6640625 0.5125 0.61875 0.48333333333333334 0.6109375 0.49583333333333335 0.6 0.5375 0.621875 0.55625 0.646875 0.5666666666666667 0.665625 0.5145833333333333 0.6640625 0.5125
6 0.5015625 0.4 0.4671875 0.37916666666666665 0.459375 0.38333333333333336 0.4171875 0.5145833333333333 0.4125 0.5479166666666667 0.44375 0.5666666666666667 0.453125 0.5645833333333333 0.5015625 0.40625 0.5015625 0.4
7 0.6171875 0.5625 0.584375 0.53125 0.53125 0.60625 0.528125 0.6229166666666667 0.5578125 0.65625 0.6171875 0.5666666666666667 0.6171875 0.5625
5 0.5484375 0.33958333333333335 0.528125 0.2916666666666667 0.49375 0.3125 0.4875 0.32916666666666666 0.5046875 0.375 0.540625 0.35625 0.5484375 0.3458333333333333 0.5484375 0.33958333333333335
2 0.6515625 0.5958333333333333 0.63125 0.56875 0.6171875 0.5604166666666667 0.61875 0.56875 0.5796875 0.6291666666666667 0.5578125 0.6583333333333333 0.54375 0.6666666666666666 0.5359375 0.7020833333333333 0.5640625 0.7291666666666666 0.6515625 0.5979166666666667 0.6515625 0.5958333333333333
3 0.5640625 0.5541666666666667 0.534375 0.5145833333333333 0.4703125 0.59375 0.4703125 0.6 0.4875 0.6270833333333333 0.5 0.6354166666666666 0.5265625 0.6083333333333333 0.5640625 0.55625 0.5640625 0.5541666666666667
1 0.5328125 0.5083333333333333 0.5125 0.47708333333333336 0.5015625 0.4708333333333333 0.475 0.50625 0.4734375 0.51875 0.49375 0.5458333333333333 0.5046875 0.5520833333333334 0.5328125 0.5166666666666667 0.5328125 0.5083333333333333
14 0.6453125 0.46041666666666664 0.6015625 0.29583333333333334 0.5609375 0.3104166666666667 0.5578125 0.3229166666666667 0.5828125 0.4 0.596875 0.47708333333333336 0.6140625 0.48333333333333334 0.6453125 0.46458333333333335 0.6453125 0.46041666666666664
4 0.5375 0.6625 0.5265625 0.6416666666666667 0.51875 0.6375 0.496875 0.6416666666666667 0.4890625 0.6604166666666667 0.490625 0.6875 0.5046875 0.7041666666666667 0.5265625 0.7020833333333333 0.5375 0.68125 0.5375 0.6625
13 0.59375 0.50625 0.5703125 0.4666666666666667 0.5609375 0.46875 0.534375 0.5041666666666667 0.5640625 0.5479166666666667 0.59375 0.5145833333333333 0.59375 0.50625