8 0.284375 0.6145833333333334 0.284375 0.60625 0.275 0.6020833333333333 0.2671875 0.58125 0.2625 0.5458333333333333 0.221875 0.5645833333333333 0.221875 0.578125 0.2265625 0.6145833333333334 0.2375 0.6354166666666666 0.2671875 0.6270833333333333 0.284375 0.6145833333333334
5 0.325 0.5979166666666667 0.3015625 0.5979166666666667 0.2921875 0.6479166666666667 0.2921875 0.6583333333333333 0.3375 0.6708333333333333 0.346875 0.6604166666666667 0.353125 0.6104166666666667 0.325 0.5979166666666667
2 0.5609375 0.45208333333333334 0.55 0.41041666666666665 0.540625 0.4083333333333333 0.421875 0.4625 0.421875 0.4791666666666667 0.4296875 0.5145833333333333 0.4375 0.5166666666666667 0.55625 0.4666666666666667 0.5609375 0.45208333333333334
1 0.6765625 0.33541666666666664 0.6546875 0.30416666666666664 0.6421875 0.3104166666666667 0.61875 0.3416666666666667 0.61875 0.34791666666666665 0.6421875 0.3854166666666667 0.653125 0.38125 0.6796875 0.35 0.6765625 0.33541666666666664
3 0.2640625 0.5479166666666667 0.2640625 0.5583333333333333 0.275 0.6 0.3625 0.5666666666666667 0.353125 0.5145833333333333 0.2640625 0.5479166666666667
11 0.2640625 0.475 0.2640625 0.4875 0.271875 0.5333333333333333 0.3375 0.5145833333333333 0.328125 0.4583333333333333 0.2640625 0.475
11 0.5078125 0.61875 0.5078125 0.6229166666666667 0.521875 0.675 0.5765625 0.6583333333333333 0.5640625 0.6 0.5078125 0.61875
9 0.415625 0.5458333333333333 0.4109375 0.5520833333333334 0.4109375 0.6020833333333333 0.40625 0.6083333333333333 0.4515625 0.6083333333333333 0.4546875 0.55 0.415625 0.5458333333333333
10 0.3859375 0.4875 0.3640625 0.49375 0.3640625 0.5875 0.3640625 0.60625 0.375 0.6125 0.409375 0.6083333333333333 0.409375 0.49166666666666664 0.3859375 0.4875
12 0.3921875 0.6145833333333334 0.3828125 0.6625 0.3828125 0.6708333333333333 0.4734375 0.69375 0.4828125 0.6375 0.440625 0.6208333333333333 0.3921875 0.6145833333333334
14 0.6171875 0.5166666666666667 0.4875 0.5583333333333333 0.4875 0.5708333333333333 0.496875 0.6145833333333334 0.6296875 0.5729166666666666 0.6234375 0.5270833333333333 0.6171875 0.5166666666666667
4 0.4109375 0.4395833333333333 0.3875 0.42083333333333334 0.371875 0.425 0.359375 0.44583333333333336 0.359375 0.46041666666666664 0.3734375 0.48541666666666666 0.4015625 0.48541666666666666 0.415625 0.46458333333333335 0.4109375 0.4395833333333333
6 0.5296875 0.33958333333333335 0.5296875 0.33125 0.5125 0.3020833333333333 0.4984375 0.2916666666666667 0.4015625 0.41041666666666665 0.4015625 0.41458333333333336 0.4265625 0.45416666666666666 0.434375 0.45208333333333334 0.515625 0.35833333333333334 0.5296875 0.33958333333333335
7 0.6 0.36041666666666666 0.5625 0.38958333333333334 0.5625 0.3958333333333333 0.609375 0.49166666666666664 0.6453125 0.46458333333333335 0.64375 0.45 0.6 0.36041666666666666
13 0.4703125 0.31875 0.4546875 0.2604166666666667 0.4125 0.27291666666666664 0.4125 0.28125 0.4234375 0.33125 0.4296875 0.3375 0.4625 0.32708333333333334 0.4703125 0.31875