15 0.4328125 0.15208333333333332 0.425 0.16458333333333333 0.390625 0.16458333333333333 0.3921875 0.17708333333333334 0.4046875 0.17708333333333334 0.41875 0.1875 0.41875 0.21875 0.453125 0.18125 0.4875 0.16041666666666668 0.4875 0.13958333333333334 0.4640625 0.09583333333333334 0.4625 0.09583333333333334 0.4296875 0.125 0.4328125 0.15208333333333332
0 0 0 0 0.08958333333333333 0.08125 0.10208333333333333 0.153125 0.125 0.1671875 0.12291666666666666 0.1921875 0.13541666666666666 0.2625 0.20208333333333334 0.3234375 0.23333333333333334 0.3609375 0.23958333333333334 0.38125 0.22083333333333333 0.415625 0.21666666666666667 0.415625 0.1875 0.384375 0.17916666666666667 0.3546875 0.15416666666666667 0.3515625 0.14166666666666666 0.3578125 0.13958333333333334 0.396875 0.1625 0.421875 0.1625 0.4296875 0.15208333333333332 0.4296875 0.13541666666666666 0.4 0.12291666666666666 0.371875 0.1 0.3671875 0.09375 0.371875 0.07916666666666666 0.34375 0.04583333333333333 0.2984375 0.0125 0.2671875 0 0.2593296875 0 0 0
3 0.371875 0.33958333333333335 0.3890625 0.3416666666666667 0.45 0.27291666666666664 0.4234375 0.225 0.41875 0.225 0.353125 0.29791666666666666 0.371875 0.33958333333333335
2 0.35625 0.5708333333333333 0.3859375 0.5666666666666667 0.3984375 0.5583333333333333 0.3734375 0.3875 0.36875 0.38125 0.3671875 0.38125 0.328125 0.39375 0.35625 0.5708333333333333
8 0.375 0.35208333333333336 0.375 0.39166666666666666 0.3828125 0.42916666666666664 0.421875 0.42083333333333334 0.4234375 0.38333333333333336 0.4171875 0.34375 0.4046875 0.34375 0.38125 0.3458333333333333 0.375 0.35208333333333336
1 0.5984375 0.4125 0.6046875 0.4666666666666667 0.6390625 0.4625 0.65 0.45416666666666666 0.6484375 0.41458333333333336 0.6421875 0.39791666666666664 0.6359375 0.39791666666666664 0.6046875 0.4041666666666667 0.5984375 0.4125
6 0.5203125 0.55625 0.5484375 0.5541666666666667 0.553125 0.4979166666666667 0.4296875 0.47291666666666665 0.4203125 0.47291666666666665 0.415625 0.5375 0.5203125 0.55625
5 0.60625 0.6208333333333333 0.653125 0.6145833333333334 0.65 0.55625 0.6421875 0.55625 0.6015625 0.5583333333333333 0.60625 0.6208333333333333
7 0.525 0.3145833333333333 0.5296875 0.3229166666666667 0.5515625 0.32916666666666666 0.58125 0.3333333333333333 0.5859375 0.32708333333333334 0.590625 0.26875 0.509375 0.24791666666666667 0.5015625 0.24791666666666667 0.4953125 0.30833333333333335 0.525 0.3145833333333333
10 0.43125 0.35208333333333336 0.4359375 0.36666666666666664 0.5078125 0.38125 0.5203125 0.3770833333333333 0.528125 0.325 0.525 0.31875 0.44375 0.3 0.440625 0.3 0.4359375 0.30625 0.43125 0.35208333333333336
9 0.6359375 0.3958333333333333 0.6453125 0.3958333333333333 0.6765625 0.36666666666666664 0.6578125 0.32083333333333336 0.653125 0.3145833333333333 0.6140625 0.35 0.6359375 0.3958333333333333
4 0.590625 0.2916666666666667 0.5875 0.3333333333333333 0.5984375 0.3458333333333333 0.6109375 0.3458333333333333 0.63125 0.33125 0.6375 0.31666666666666665 0.6375 0.29583333333333334 0.621875 0.275 0.6140625 0.275 0.6 0.2791666666666667 0.590625 0.2916666666666667
14 0.49375 0.60625 0.5859375 0.725 0.5953125 0.725 0.61875 0.6916666666666667 0.61875 0.68125 0.525 0.5604166666666667 0.5203125 0.5604166666666667 0.49375 0.5979166666666667 0.49375 0.60625
13 0.5484375 0.4354166666666667 0.5546875 0.49375 0.5875 0.49166666666666664 0.6 0.48333333333333334 0.59375 0.425 0.590625 0.425 0.55625 0.42916666666666664 0.5484375 0.4354166666666667
11 0.3640625 0.6375 0.3984375 0.6333333333333333 0.4234375 0.6229166666666667 0.4171875 0.5645833333333333 0.4125 0.5645833333333333 0.3578125 0.575 0.3640625 0.6375
11 0.428125 0.4666666666666667 0.4703125 0.46875 0.46875 0.37916666666666665 0.4609375 0.37916666666666665 0.428125 0.38125 0.428125 0.4666666666666667