4 0.35129062499999997 0.21151875 0.3403078125 0.21574791666666665 0.3322546875 0.2271375 0.32859375 0.24275833333333333 0.331521875 0.2574020833333333 0.3386 0.26878958333333336 0.3478734375 0.27171875 0.36007656250000003 0.27204375 0.36813125 0.26390833333333336 0.3747203125 0.2525208333333333 0.3774046875 0.24080416666666665 0.376428125 0.23201875 0.371546875 0.22030416666666666 0.3693515625 0.21769999999999998 0.360565625 0.21184375 0.35129062499999997 0.21151875
5 0.4066921875 0.23169374999999998 0.3971734375 0.23364583333333336 0.40303125 0.295475 0.4469625 0.2847354166666667 0.439884375 0.22453541666666668 0.42157968749999997 0.2271375 0.4066921875 0.23169374999999998
1 0.45257500000000006 0.2788791666666667 0.49455312500000004 0.26423541666666667 0.48454687500000004 0.21086666666666665 0.484303125 0.21119166666666667 0.4440328125 0.22225625000000002 0.45257500000000006 0.2788791666666667
11 0.40351875000000004 0.39993125 0.43817500000000004 0.3462395833333333 0.435490625 0.3315958333333333 0.39985781249999997 0.2951479166666667 0.3698390625 0.3612083333333333 0.40351875000000004 0.39993125
10 0.5619140625 0.31141874999999997 0.651728125 0.31272083333333334 0.649775 0.25186875000000003 0.558984375 0.2525208333333333 0.5619140625 0.31141874999999997
3 0.582903125 0.43833125 0.66490625 0.37650208333333335 0.642940625 0.33061875 0.642940625 0.33029375 0.563621875 0.38691458333333334 0.582903125 0.43833125
14 0.427925 0.43182291666666667 0.5602046875 0.38723958333333336 0.549221875 0.33354791666666667 0.4169421875 0.37715208333333333 0.427925 0.43182291666666667
2 0.43109843750000004 0.493975 0.5626453125 0.45102083333333337 0.5497109375 0.3973291666666666 0.4186515625 0.43995833333333334 0.43109843750000004 0.493975
9 0.36398125000000003 0.5226125 0.396196875 0.49007083333333334 0.3700828125 0.4428854166666667 0.3354265625 0.47607916666666666 0.36398125000000003 0.5226125
12 0.5943734375 0.5691458333333334 0.6363515625 0.5948541666666666 0.6436734375000001 0.5733770833333334 0.6446500000000001 0.5577562500000001 0.6514828125000001 0.5411604166666667 0.657584375 0.5235875 0.6653953125000001 0.5063416666666667 0.671740625 0.4965791666666667 0.6785734375 0.4835625 0.635375 0.45655416666666665 0.5943734375 0.5691458333333334
7 0.48454687500000004 0.6029895833333333 0.513834375 0.6345541666666666 0.5726515625 0.5450645833333333 0.5419015625 0.5118729166666667 0.48454687500000004 0.6029895833333333
6 0.41718593750000005 0.6130770833333333 0.4489140625 0.64594375 0.5348234374999999 0.5089458333333333 0.504559375 0.47542708333333333 0.41718593750000005 0.6130770833333333
13 0.371059375 0.59648125 0.41010937500000005 0.5636145833333334 0.3852140625 0.5196833333333334 0.3495828125 0.54831875 0.371059375 0.59648125
11 0.588028125 0.67165 0.6143859375 0.6290229166666667 0.5770453125 0.5896479166666667 0.548734375 0.6387833333333333 0.588028125 0.67165
8 0.41500337031249995 0.6511400875 0.3744765625 0.6664437499999999 0.38985156249999997 0.7419395833333333 0.43231875000000003 0.72501875 0.41791875 0.6488729166666667 0.41500337031249995 0.6511400875