11 0.3037125 0.4771770833333333 0.2998765625 0.39985625 0.2531671875 0.40647500000000003 0.241884375 0.48349583333333335 0.3037125 0.4771770833333333
9 0.3089015625 0.5978229166666666 0.30687031249999996 0.53915625 0.25677812499999997 0.5427666666666667 0.2594859375 0.6014333333333333 0.3089015625 0.5978229166666666
8 0.3919390625 0.5292270833333333 0.3914890625 0.4488979166666667 0.34523125 0.4516041666666667 0.3477125 0.53043125 0.3919390625 0.5292270833333333
12 0.3885546875 0.44318125 0.394196875 0.4488979166666667 0.39735468749999997 0.4822916666666667 0.396678125 0.5153875 0.395775 0.53043125 0.3896828125 0.5355458333333334 0.3481640625 0.5352437499999999 0.3479390625 0.5502874999999999 0.392390625 0.5496854166666666 0.40796093750000006 0.5358458333333334 0.407734375 0.43535833333333335 0.38878124999999997 0.42452708333333333 0.346584375 0.42542916666666664 0.3468109375 0.44588750000000005 0.3885546875 0.44318125
7 0.407284375 0.7001166666666666 0.407734375 0.64205 0.316121875 0.6369354166666666 0.31499375 0.6956041666666667 0.407284375 0.7001166666666666
5 0.485809375 0.3150125 0.47633125 0.25123124999999996 0.43007343750000004 0.2638666666666667 0.439325 0.32674791666666664 0.485809375 0.3150125
4 0.540115625 0.5845270833333333 0.5518500000000001 0.5878374999999999 0.5624546875 0.5851291666666667 0.568096875 0.5764041666666666 0.5732859375 0.5634666666666667 0.5744140625 0.55053125 0.5689984375 0.5342833333333333 0.5599734375 0.5270625 0.54959375 0.5273645833333334 0.54124375 0.5300708333333334 0.535828125 0.5360895833333333 0.5308640625 0.5460166666666667 0.5263515625 0.5586541666666667 0.5319921875 0.5764041666666666 0.540115625 0.5845270833333333
13 0.5805015625000001 0.5169208333333334 0.598553125 0.46035833333333337 0.555003125 0.43869791666666663 0.5387562499999999 0.4934541666666667 0.5805015625000001 0.5169208333333334
1 0.52898125 0.7020270833333334 0.5495140625 0.6544895833333333 0.5125078125 0.62530625 0.493328125 0.67344375 0.52898125 0.7020270833333334
3 0.6372609375 0.7182729166666667 0.68803125 0.6181770833333334 0.6509296875 0.58635625 0.6021124999999999 0.6858729166666666 0.6372609375 0.7182729166666667
11 0.453271875 0.40005208333333336 0.497953125 0.39075624999999997 0.490590625 0.32512708333333334 0.4478484375 0.33207083333333337 0.45023437499999996 0.3696770833333333 0.453271875 0.40005208333333336