9 0.2734375 0.6270833333333333 0.3 0.66875 0.30625 0.66875 0.3421875 0.6270833333333333 0.3421875 0.6208333333333333 0.3140625 0.5833333333333334 0.2984375 0.5916666666666667 0.2734375 0.625 0.2734375 0.6270833333333333
10 0.2390625 0.5791666666666667 0.2625 0.6166666666666667 0.271875 0.6208333333333333 0.3359375 0.5375 0.30625 0.49583333333333335 0.2390625 0.5770833333333333 0.2390625 0.5791666666666667
11 0.5734375 0.55 0.5859375 0.625 0.6296875 0.6125 0.625 0.5666666666666667 0.615625 0.5354166666666667 0.571875 0.5479166666666667 0.5734375 0.55
11 0.475 0.63125 0.490625 0.68125 0.5359375 0.6666666666666666 0.528125 0.625 0.51875 0.6083333333333333 0.475 0.6270833333333333 0.475 0.63125
1 0.4734375 0.58125 0.5 0.6083333333333333 0.5109375 0.6104166666666667 0.53125 0.5645833333333333 0.496875 0.5333333333333333 0.471875 0.5791666666666667 0.4734375 0.58125
3 0.321875 0.5 0.4140625 0.5083333333333333 0.41875 0.45208333333333334 0.33125 0.4395833333333333 0.325 0.44166666666666665 0.321875 0.48333333333333334 0.321875 0.5
2 0.415625 0.5104166666666666 0.4453125 0.5208333333333334 0.4609375 0.5166666666666667 0.484375 0.34375 0.4484375 0.3333333333333333 0.440625 0.3375 0.415625 0.5 0.415625 0.5104166666666666
13 0.471875 0.44583333333333336 0.503125 0.4583333333333333 0.515625 0.45625 0.5234375 0.4041666666666667 0.5140625 0.3958333333333333 0.48125 0.38958333333333334 0.471875 0.42916666666666664 0.471875 0.44583333333333336
14 0.3578125 0.3104166666666667 0.3609375 0.31875 0.36875 0.32083333333333336 0.49375 0.3375 0.5 0.2833333333333333 0.496875 0.27708333333333335 0.3640625 0.25833333333333336 0.3578125 0.30416666666666664 0.3578125 0.3104166666666667
15 0.5015625 0.51875 0.50625 0.525 0.5921875 0.5395833333333333 0.6 0.48541666666666666 0.509375 0.4625 0.5015625 0.5145833333333333 0.5015625 0.51875
4 0.49375 0.3729166666666667 0.5015625 0.38958333333333334 0.525 0.3958333333333333 0.5375 0.38125 0.5421875 0.3541666666666667 0.5328125 0.3333333333333333 0.5109375 0.32916666666666666 0.496875 0.33958333333333335 0.49375 0.3614583333333333 0.49375 0.3729166666666667
5 0.3859375 0.5645833333333333 0.415625 0.5854166666666667 0.4265625 0.5854166666666667 0.4453125 0.5333333333333333 0.425 0.5166666666666667 0.4015625 0.5104166666666666 0.384375 0.5625 0.3859375 0.5645833333333333
6 0.5328125 0.32916666666666666 0.6 0.47708333333333336 0.609375 0.475 0.6375 0.4479166666666667 0.625 0.4083333333333333 0.571875 0.29375 0.565625 0.2916666666666667 0.5328125 0.31875 0.5328125 0.32916666666666666
7 0.4125 0.6020833333333333 0.4453125 0.7083333333333334 0.4859375 0.6875 0.4859375 0.66875 0.45625 0.5770833333333333 0.446875 0.575 0.4125 0.5958333333333333 0.4125 0.6020833333333333
8 0.5984375 0.33958333333333335 0.6 0.3458333333333333 0.6546875 0.35 0.659375 0.28958333333333336 0.64375 0.2833333333333333 0.603125 0.28541666666666665 0.5984375 0.3375 0.5984375 0.33958333333333335