9 0.7359375 0.6395833333333333 0.7125 0.6083333333333333 0.6984375 0.6 0.6703125 0.6375 0.68125 0.6645833333333333 0.703125 0.6833333333333333 0.7109375 0.6833333333333333 0.7359375 0.6479166666666667 0.7359375 0.6395833333333333
10 0.596875 0.6104166666666667 0.5796875 0.5645833333333333 0.571875 0.5625 0.5078125 0.60625 0.4984375 0.6166666666666667 0.4984375 0.6270833333333333 0.5171875 0.66875 0.596875 0.6145833333333334 0.596875 0.6104166666666667
11 0.6625 0.42916666666666664 0.6328125 0.3854166666666667 0.628125 0.3854166666666667 0.5984375 0.4354166666666667 0.6359375 0.475 0.6625 0.43333333333333335 0.6625 0.42916666666666664
11 0.5828125 0.36666666666666664 0.5328125 0.34375 0.515625 0.4 0.528125 0.41041666666666665 0.571875 0.425 0.584375 0.36875 0.5828125 0.36666666666666664
14 0.6203125 0.3 0.4859375 0.2791666666666667 0.478125 0.3375 0.5390625 0.3416666666666667 0.56875 0.3541666666666667 0.6140625 0.35833333333333334 0.6203125 0.31875 0.6203125 0.3
13 0.4953125 0.6229166666666667 0.45625 0.6 0.4390625 0.6583333333333333 0.4796875 0.6791666666666667 0.496875 0.625 0.4953125 0.6229166666666667
4 0.65 0.5583333333333333 0.6421875 0.5354166666666667 0.615625 0.5270833333333333 0.6 0.54375 0.5984375 0.5666666666666667 0.6046875 0.5833333333333334 0.628125 0.59375 0.646875 0.5791666666666667 0.6515625 0.5604166666666667 0.65 0.5583333333333333
8 0.3859375 0.4270833333333333 0.38125 0.3958333333333333 0.340625 0.3958333333333333 0.3359375 0.47708333333333336 0.3828125 0.48125 0.3859375 0.4395833333333333 0.3859375 0.4270833333333333
2 0.4609375 0.28958333333333336 0.4171875 0.2791666666666667 0.40625 0.32916666666666666 0.39375 0.4583333333333333 0.4359375 0.4666666666666667 0.4609375 0.29583333333333334 0.4609375 0.28958333333333336
3 0.44375 0.6166666666666667 0.4046875 0.5895833333333333 0.3609375 0.6958333333333333 0.3984375 0.7229166666666667 0.44375 0.6229166666666667 0.44375 0.6166666666666667
1 0.5484375 0.5041666666666667 0.5390625 0.45625 0.5078125 0.46041666666666664 0.49375 0.47291666666666665 0.5 0.5166666666666667 0.50625 0.5229166666666667 0.54375 0.5145833333333333 0.5484375 0.5083333333333333 0.5484375 0.5041666666666667
6 0.696875 0.5916666666666667 0.6734375 0.55 0.665625 0.5479166666666667 0.640625 0.5895833333333333 0.6171875 0.5979166666666667 0.5703125 0.6479166666666667 0.5625 0.6645833333333333 0.578125 0.6958333333333333 0.590625 0.7041666666666667 0.696875 0.59375 0.696875 0.5916666666666667
7 0.634375 0.5020833333333333 0.6171875 0.46458333333333335 0.6078125 0.4583333333333333 0.5375 0.51875 0.5359375 0.53125 0.553125 0.5666666666666667 0.559375 0.56875 0.634375 0.5083333333333333 0.634375 0.5020833333333333
5 0.521875 0.5625 0.4828125 0.5354166666666667 0.465625 0.5666666666666667 0.4609375 0.5875 0.4703125 0.6 0.4953125 0.6145833333333334 0.5078125 0.6041666666666666 0.521875 0.56875 0.521875 0.5625