2 0.5515625 0.18125 0.5203125 0.21666666666666667 0.5203125 0.22708333333333333 0.5953125 0.34791666666666665 0.609375 0.36041666666666666 0.634375 0.3333333333333333 0.6390625 0.31666666666666665 0.5546875 0.18125 0.5515625 0.18125
3 0.34375 0.41041666666666665 0.3265625 0.4625 0.409375 0.5145833333333333 0.4265625 0.4666666666666667 0.425 0.4583333333333333 0.3484375 0.41041666666666665 0.34375 0.41041666666666665
1 0.40625 0.58125 0.3859375 0.6291666666666667 0.403125 0.6520833333333333 0.4234375 0.6604166666666667 0.4453125 0.6104166666666667 0.4109375 0.58125 0.40625 0.58125
14 0.4640625 0.27291666666666664 0.384375 0.4125 0.3890625 0.4270833333333333 0.415625 0.45 0.421875 0.4479166666666667 0.4953125 0.3145833333333333 0.496875 0.30416666666666664 0.46875 0.27291666666666664 0.4640625 0.27291666666666664
12 0.4890625 0.32708333333333334 0.434375 0.42291666666666666 0.4671875 0.46041666666666664 0.4734375 0.4583333333333333 0.525 0.3645833333333333 0.490625 0.325 0.4890625 0.32708333333333334
13 0.3625 0.5375 0.3421875 0.5916666666666667 0.38125 0.6166666666666667 0.4046875 0.5645833333333333 0.36875 0.5375 0.3625 0.5375
4 0.38125 0.6333333333333333 0.365625 0.6416666666666667 0.3546875 0.6625 0.3578125 0.6875 0.371875 0.7020833333333333 0.390625 0.7 0.40625 0.6729166666666667 0.403125 0.6541666666666667 0.3828125 0.6333333333333333 0.38125 0.6333333333333333
7 0.5578125 0.3416666666666667 0.534375 0.3875 0.59375 0.44375 0.6125 0.45208333333333334 0.6328125 0.40625 0.5625 0.3416666666666667 0.5578125 0.3416666666666667
6 0.6078125 0.46458333333333335 0.5703125 0.63125 0.5734375 0.64375 0.6015625 0.65625 0.6109375 0.65625 0.6140625 0.65 0.6484375 0.4875 0.6453125 0.47708333333333336 0.6125 0.46458333333333335 0.6078125 0.46458333333333335
9 0.4765625 0.15625 0.4625 0.2 0.4640625 0.22291666666666668 0.5015625 0.24375 0.515625 0.2 0.5171875 0.17916666666666667 0.4828125 0.15625 0.4765625 0.15625
10 0.51875 0.38333333333333336 0.5 0.41041666666666665 0.49375 0.42916666666666664 0.5671875 0.49583333333333335 0.590625 0.45 0.521875 0.38333333333333336 0.51875 0.38333333333333336
11 0.475 0.5354166666666667 0.45 0.59375 0.490625 0.6208333333333333 0.5109375 0.5583333333333333 0.478125 0.5354166666666667 0.475 0.5354166666666667
11 0.51875 0.27291666666666664 0.496875 0.3104166666666667 0.49375 0.325 0.5390625 0.3729166666666667 0.5640625 0.32708333333333334 0.5234375 0.27291666666666664 0.51875 0.27291666666666664
8 0.5234375 0.5041666666666667 0.5203125 0.5625 0.546875 0.575 0.571875 0.5729166666666666 0.578125 0.55625 0.578125 0.5083333333333333 0.5333328125000001 0.5041666666666667 0.5234375 0.5041666666666667
5 0.4375 0.48541666666666666 0.41875 0.5354166666666667 0.4328125 0.5520833333333334 0.45625 0.5666666666666667 0.475 0.53125 0.478125 0.5125 0.44375 0.48541666666666666 0.4375 0.48541666666666666