3 0.7233921875 0.4452666666666667 0.6734265625 0.5457666666666667 0.71054375 0.5750791666666667 0.7587953125 0.47457916666666666 0.7233921875 0.4452666666666667
1 0.677709375 0.3896854166666667 0.6802796875 0.44678958333333335 0.7265328125 0.44298125 0.724534375 0.38549791666666666 0.677709375 0.3896854166666667
8 0.661434375 0.45592499999999997 0.6311703125 0.51493125 0.6671453125 0.54843125 0.6954109374999999 0.4795270833333333 0.661434375 0.45592499999999997
6 0.59719375 0.50275 0.57035625 0.5472895833333333 0.68541875 0.6557854166666667 0.706546875 0.6093416666666667 0.59719375 0.50275
13 0.6503 0.3771229166666667 0.612896875 0.4098625 0.6391640625 0.4566875 0.63859375 0.45554375 0.6388796875 0.45592499999999997 0.6751390625 0.422425 0.6503 0.3771229166666667
5 0.5931968750000001 0.3965375 0.556365625 0.43727083333333333 0.5900562500000001 0.4802895833333333 0.6208921875 0.44107916666666663 0.5931968750000001 0.3965375
11 0.601190625 0.5800291666666666 0.564075 0.5480520833333333 0.525815625 0.62495 0.5652171874999999 0.6576895833333333 0.5863453125 0.6222854166666667 0.601190625 0.5800291666666666
10 0.5677859375 0.25530416666666667 0.54151875 0.3771229166666667 0.5854874999999999 0.3881625 0.6106140625 0.2728145833333333 0.5677859375 0.25530416666666667
2 0.40161718750000003 0.5389145833333333 0.387340625 0.5979208333333333 0.5192484375 0.6432229166666666 0.5300984375 0.5872625 0.40161718750000003 0.5389145833333333
12 0.4478703125 0.39958333333333335 0.4595765625 0.45364166666666667 0.5478 0.4197604166666667 0.5332390625000001 0.3660833333333333 0.4478703125 0.39958333333333335
4 0.5352375 0.3044125 0.5143953125 0.29984375 0.5018328125 0.31659375 0.49783437499999994 0.33448541666666665 0.502975 0.3512375 0.510396875 0.3603729166666667 0.52353125 0.36189583333333336 0.5352375 0.35923125 0.545515625 0.34628749999999997 0.5452296875 0.32154375 0.5352375 0.3044125
14 0.378775 0.34019583333333336 0.4158921875 0.5084604166666666 0.455578125 0.49132916666666665 0.421603125 0.31545208333333336 0.378775 0.34019583333333336
11 0.3439421875 0.5088416666666666 0.3887936171875 0.5084742416666667 0.39048125 0.40605625 0.3467984375 0.4049125 0.3439421875 0.5088416666666666
7 0.2819859375 0.5465291666666666 0.31167968749999997 0.6611145833333333 0.3530796875 0.6405583333333333 0.3231 0.5252104166666667 0.2819859375 0.5465291666666666
9 0.3248125 0.33486666666666665 0.34023125 0.3938729166666667 0.382771875 0.37179375000000003 0.367640625 0.31659375 0.3248125 0.33486666666666665