4 0.6125 0.61875 0.609375 0.6041666666666666 0.5890625 0.5854166666666667 0.5671875 0.5895833333333333 0.559375 0.6104166666666667 0.5671875 0.6416666666666667 0.584375 0.6541666666666667 0.60625 0.64375 0.6125 0.6229166666666667 0.6125 0.61875
15 0.7078125 0.48125 0.6734375 0.4479166666666667 0.6640625 0.45208333333333334 0.6484375 0.4895833333333333 0.615625 0.5395833333333333 0.615625 0.55 0.6421875 0.5770833333333333 0.653125 0.58125 0.7078125 0.4875 0.7078125 0.48125
14 0.621875 0.38333333333333336 0.490625 0.33958333333333335 0.4828125 0.35833333333333334 0.478125 0.3958333333333333 0.609375 0.4395833333333333 0.621875 0.38958333333333334 0.621875 0.38333333333333336
1 0.4328125 0.4395833333333333 0.415625 0.39375 0.396875 0.39791666666666664 0.3765625 0.4125 0.378125 0.43125 0.39375 0.4666666666666667 0.4328125 0.44375 0.4328125 0.4395833333333333
3 0.4859375 0.5333333333333333 0.4203125 0.4583333333333333 0.4140625 0.46041666666666664 0.390625 0.4979166666666667 0.3984375 0.5145833333333333 0.45625 0.5791666666666667 0.4859375 0.5395833333333333 0.4859375 0.5333333333333333
2 0.725 0.33125 0.5890625 0.30625 0.578125 0.3625 0.7171875 0.39166666666666666 0.725 0.35 0.725 0.33125
5 0.553125 0.42291666666666666 0.5359375 0.41458333333333336 0.5078125 0.4125 0.503125 0.4395833333333333 0.4984375 0.4375 0.5 0.4708333333333333 0.5328125 0.48125 0.546875 0.4791666666666667 0.553125 0.4354166666666667 0.553125 0.42291666666666666
6 0.4546875 0.6020833333333333 0.3671875 0.4708333333333333 0.334375 0.5041666666666667 0.3359375 0.5145833333333333 0.41875 0.6416666666666667 0.43125 0.6375 0.4546875 0.6083333333333333 0.4546875 0.6020833333333333
7 0.56875 0.6458333333333334 0.503125 0.5708333333333333 0.4921875 0.5770833333333333 0.4734375 0.6104166666666667 0.4765625 0.6208333333333333 0.5421875 0.6895833333333333 0.56875 0.65 0.56875 0.6458333333333334
8 0.434375 0.3770833333333333 0.4234375 0.3104166666666667 0.38125 0.32083333333333336 0.378125 0.3458333333333333 0.3890625 0.39375 0.434375 0.3854166666666667 0.434375 0.3770833333333333
9 0.496875 0.44583333333333336 0.4734375 0.4041666666666667 0.4375 0.4395833333333333 0.4625 0.48541666666666666 0.496875 0.45416666666666666 0.496875 0.44583333333333336
10 0.6734375 0.41458333333333336 0.6328125 0.38958333333333334 0.6203125 0.41458333333333336 0.59375 0.4979166666666667 0.615625 0.5145833333333333 0.63125 0.5166666666666667 0.646875 0.4895833333333333 0.6734375 0.41875 0.6734375 0.41458333333333336
11 0.5625 0.5645833333333333 0.5453125 0.5 0.5015625 0.5270833333333333 0.521875 0.5895833333333333 0.5625 0.5666666666666667 0.5625 0.5645833333333333
11 0.3328125 0.4979166666666667 0.2921875 0.46875 0.271875 0.5208333333333334 0.309375 0.5541666666666667 0.31875 0.54375 0.3328125 0.5020833333333333 0.3328125 0.4979166666666667
13 0.3796875 0.5958333333333333 0.36875 0.5666666666666667 0.3578125 0.5541666666666667 0.3203125 0.58125 0.3265625 0.6083333333333333 0.340625 0.6333333333333333 0.3671875 0.61875 0.3796875 0.6041666666666666 0.3796875 0.5958333333333333