9 0.353125 0.3104166666666667 0.359375 0.32083333333333336 0.403125 0.31666666666666665 0.4015625 0.2625 0.3953125 0.25 0.3921875 0.25 0.3515625 0.25625 0.353125 0.3104166666666667
10 0.4984375 0.6791666666666667 0.503125 0.6958333333333333 0.5296875 0.7104166666666667 0.5390625 0.7083333333333334 0.5734375 0.6083333333333333 0.5703125 0.5979166666666667 0.5390625 0.5791666666666667 0.5359375 0.5791666666666667 0.528125 0.5895833333333333 0.4984375 0.6791666666666667
11 0.3625 0.575 0.371875 0.61875 0.415625 0.6104166666666667 0.409375 0.525 0.4015625 0.5125 0.390625 0.5125 0.3625 0.5208333333333334 0.3625 0.575
11 0.5109375 0.45416666666666666 0.553125 0.46041666666666664 0.5578125 0.44375 0.559375 0.3770833333333333 0.5515625 0.36666666666666664 0.5296875 0.3645833333333333 0.525 0.3645833333333333 0.5140625 0.36875 0.5109375 0.45416666666666666
8 0.475 0.2791666666666667 0.5265625 0.25625 0.5140625 0.19583333333333333 0.5 0.19583333333333333 0.4609375 0.21666666666666667 0.475 0.2791666666666667
3 0.590625 0.36041666666666666 0.6328125 0.35 0.6234375 0.23958333333333334 0.61875 0.22708333333333333 0.6171875 0.22708333333333333 0.5765625 0.23958333333333334 0.590625 0.36041666666666666
2 0.396875 0.5 0.425 0.5333333333333333 0.4453125 0.5104166666666666 0.5109375 0.3958333333333333 0.5109375 0.3875 0.48125 0.35625 0.478125 0.35625 0.396875 0.4895833333333333 0.396875 0.5
1 0.55 0.5166666666666667 0.5546875 0.46041666666666664 0.521875 0.45416666666666666 0.5109375 0.45416666666666666 0.50625 0.5104166666666666 0.55 0.5166666666666667
7 0.421875 0.5708333333333333 0.4390625 0.5958333333333333 0.5078125 0.525 0.503125 0.5083333333333333 0.484375 0.4791666666666667 0.48125 0.4791666666666667 0.415625 0.55 0.421875 0.5708333333333333
6 0.5609375 0.5354166666666667 0.584375 0.5583333333333333 0.596875 0.55 0.6734375 0.42083333333333334 0.6703125 0.41041666666666665 0.64375 0.38333333333333336 0.6390625 0.38333333333333336 0.55625 0.5208333333333334 0.5609375 0.5354166666666667
5 0.5046875 0.325 0.5125 0.3625 0.553125 0.3541666666666667 0.5578125 0.33958333333333335 0.5484375 0.2875 0.540625 0.2875 0.50625 0.29791666666666666 0.5046875 0.325
14 0.371875 0.46041666666666664 0.3984375 0.48541666666666666 0.48125 0.34791666666666665 0.48125 0.3375 0.4515625 0.30625 0.446875 0.30625 0.365625 0.44583333333333336 0.371875 0.46041666666666664
13 0.559375 0.4395833333333333 0.60625 0.4375 0.60625 0.38125 0.5921875 0.37916666666666665 0.5822921875 0.37916666666666665 0.5609375 0.38125 0.559375 0.4395833333333333
12 0.4703125 0.6375 0.48125 0.6333333333333333 0.5390625 0.5708333333333333 0.540625 0.55625 0.5203125 0.5229166666666667 0.515625 0.5229166666666667 0.4453125 0.5958333333333333 0.4703125 0.6375
4 0.415625 0.65625 0.4296875 0.675 0.453125 0.66875 0.4625 0.65 0.4625 0.63125 0.446875 0.6083333333333333 0.434375 0.6083333333333333 0.4140625 0.6333333333333333 0.415625 0.65625