12 0.49375 0.275 0.5546875 0.29791666666666666 0.56875 0.29791666666666666 0.578125 0.28958333333333336 0.5875 0.24791666666666667 0.5875 0.22083333333333333 0.5734375 0.21875 0.5671875 0.26458333333333334 0.5609375 0.27708333333333335 0.5375 0.275 0.503125 0.25833333333333336 0.5109375 0.2 0.5015625 0.19791666666666666 0.5 0.19791666666666666 0.4890625 0.2520833333333333 0.49375 0.275
8 0.5375 0.275 0.5609375 0.27708333333333335 0.56875 0.25833333333333336 0.571875 0.21666666666666667 0.51875 0.2 0.5140625 0.2 0.503125 0.25833333333333336 0.5375 0.275
9 0.5 0.4625 0.5328125 0.4979166666666667 0.559375 0.4625 0.5296875 0.42083333333333334 0.5234375 0.42083333333333334 0.5 0.45416666666666666 0.5 0.4625
10 0.421875 0.6729166666666667 0.428125 0.675 0.4578125 0.6479166666666667 0.4609375 0.6375 0.4125 0.54375 0.409375 0.54375 0.375 0.5791666666666667 0.421875 0.6729166666666667
11 0.5453125 0.4395833333333333 0.5796875 0.48125 0.6046875 0.4479166666666667 0.6078125 0.4354166666666667 0.578125 0.39166666666666666 0.5734375 0.39166666666666666 0.5453125 0.43125 0.5453125 0.4395833333333333
11 0.4578125 0.3375 0.471875 0.36666666666666664 0.503125 0.35208333333333336 0.5125 0.3416666666666667 0.490625 0.28125 0.4890625 0.2791666666666667 0.45 0.30416666666666664 0.4578125 0.3375
6 0.45 0.575 0.4640625 0.6166666666666667 0.4890625 0.6104166666666667 0.5875 0.5541666666666667 0.590625 0.54375 0.575 0.4979166666666667 0.5703125 0.4979166666666667 0.4515625 0.5625 0.45 0.575
7 0.4078125 0.4625 0.4203125 0.4583333333333333 0.4765625 0.3875 0.453125 0.34375 0.45 0.34375 0.3828125 0.42291666666666666 0.4078125 0.4625
5 0.59375 0.49375 0.628125 0.5166666666666667 0.640625 0.5083333333333333 0.65625 0.4625 0.6203125 0.4354166666666667 0.615625 0.4354166666666667 0.6078125 0.44583333333333336 0.59375 0.49375
2 0.3484375 0.45208333333333334 0.375 0.44166666666666665 0.38125 0.42291666666666666 0.403125 0.39375 0.4484375 0.3416666666666667 0.4546875 0.34375 0.4484375 0.325 0.428125 0.29791666666666666 0.4265625 0.29791666666666666 0.328125 0.41458333333333336 0.3484375 0.45208333333333334
3 0.3984375 0.5 0.4046875 0.5166666666666667 0.425 0.5395833333333333 0.4296875 0.5395833333333333 0.4890625 0.45416666666666666 0.459375 0.41458333333333336 0.4578125 0.41458333333333336 0.41875 0.46458333333333335 0.3984375 0.5
1 0.465625 0.5083333333333333 0.4859375 0.5354166666666667 0.4953125 0.5333333333333333 0.521875 0.4979166666666667 0.5171875 0.48333333333333334 0.49375 0.45625 0.4875 0.45625 0.4609375 0.49375 0.465625 0.5083333333333333
14 0.5171875 0.37083333333333335 0.575 0.38958333333333334 0.6328125 0.42291666666666666 0.6421875 0.41875 0.653125 0.3645833333333333 0.5296875 0.30625 0.5265625 0.30625 0.5125 0.34791666666666665 0.5171875 0.37083333333333335
4 0.346875 0.49375 0.359375 0.5125 0.3796875 0.5145833333333333 0.39375 0.5041666666666667 0.396875 0.475 0.39375 0.46458333333333335 0.378125 0.45 0.3640625 0.45 0.3484375 0.46458333333333335 0.346875 0.49375
13 0.496875 0.45416666666666666 0.5234375 0.41875 0.525 0.40625 0.4953125 0.375 0.4890625 0.375 0.4640625 0.41458333333333336 0.496875 0.45416666666666666