1 0.5421875 0.48125 0.5171875 0.44375 0.5109375 0.44375 0.4828125 0.4791666666666667 0.4828125 0.4895833333333333 0.5109375 0.53125 0.5421875 0.4895833333333333 0.5421875 0.48125
3 0.6 0.5770833333333333 0.540625 0.49166666666666664 0.5109375 0.525 0.5125 0.5354166666666667 0.565625 0.6166666666666667 0.5734375 0.6166666666666667 0.6 0.5854166666666667 0.6 0.5770833333333333
2 0.7265625 0.34791666666666665 0.6015625 0.3020833333333333 0.590625 0.30625 0.5828125 0.34375 0.5828125 0.35625 0.5875 0.36041666666666666 0.7078125 0.4041666666666667 0.7171875 0.4 0.7265625 0.3541666666666667 0.7265625 0.34791666666666665
5 0.48125 0.43333333333333335 0.4734375 0.3958333333333333 0.453125 0.39375 0.4296875 0.40625 0.43125 0.44166666666666665 0.4375 0.4625 0.4703125 0.46041666666666664 0.48125 0.45208333333333334 0.48125 0.43333333333333335
6 0.5546875 0.6020833333333333 0.4671875 0.4708333333333333 0.4609375 0.4708333333333333 0.4359375 0.5041666666666667 0.5203125 0.6395833333333333 0.53125 0.6354166666666666 0.5546875 0.60625 0.5546875 0.6020833333333333
7 0.684375 0.6625 0.6671875 0.6354166666666666 0.6546875 0.5916666666666667 0.6375 0.5645833333333333 0.6046875 0.5854166666666667 0.60625 0.6041666666666666 0.6484375 0.69375 0.684375 0.6645833333333333 0.684375 0.6625
13 0.503125 0.6145833333333334 0.4765625 0.575 0.4703125 0.575 0.44375 0.6083333333333333 0.4453125 0.6229166666666667 0.46875 0.6541666666666667 0.478125 0.6520833333333333 0.503125 0.6208333333333333 0.503125 0.6145833333333334
14 0.534375 0.35833333333333334 0.4125 0.30833333333333335 0.403125 0.3104166666666667 0.39375 0.3458333333333333 0.39375 0.36041666666666666 0.4 0.36875 0.5171875 0.41458333333333336 0.525 0.41041666666666665 0.534375 0.37083333333333335 0.534375 0.35833333333333334
15 0.646875 0.4479166666666667 0.6140625 0.4125 0.5515625 0.5 0.584375 0.5395833333333333 0.646875 0.45416666666666666 0.646875 0.4479166666666667
4 0.73125 0.61875 0.7203125 0.6 0.6984375 0.5916666666666667 0.6875 0.5916666666666667 0.671875 0.6166666666666667 0.6796875 0.64375 0.7 0.6604166666666667 0.7234375 0.6541666666666667 0.73125 0.6375 0.73125 0.61875
9 0.653125 0.53125 0.621875 0.49166666666666664 0.590625 0.5354166666666667 0.6140625 0.5666666666666667 0.625 0.5708333333333333 0.653125 0.5354166666666667 0.653125 0.53125
10 0.6078125 0.36875 0.5640625 0.35833333333333334 0.546875 0.45 0.5484375 0.47708333333333336 0.5671875 0.475 0.5984375 0.43125 0.6078125 0.38125 0.6078125 0.36875
11 0.7046875 0.5583333333333333 0.675 0.5104166666666666 0.665625 0.5125 0.6546875 0.5270833333333333 0.6421875 0.5541666666666667 0.671875 0.6020833333333333 0.678125 0.6020833333333333 0.7046875 0.5625 0.7046875 0.5583333333333333
11 0.4546875 0.5416666666666666 0.415625 0.5041666666666667 0.3921875 0.5416666666666666 0.390625 0.5520833333333334 0.421875 0.5895833333333333 0.4296875 0.5916666666666667 0.4546875 0.5458333333333333 0.4546875 0.5416666666666666
8 0.403125 0.38125 0.3640625 0.3333333333333333 0.334375 0.3729166666666667 0.3375 0.3854166666666667 0.3734375 0.425 0.3890625 0.41041666666666665 0.4046875 0.38333333333333336 0.403125 0.38125