3 0.2773109375 0.5538354166666667 0.32455625 0.4544875 0.28976875 0.4231479166666666 0.24111406249999998 0.5265687499999999 0.2773109375 0.5538354166666667
1 0.31609375 0.6146333333333334 0.31374375 0.5560291666666667 0.2719046875 0.55665625 0.2747265625 0.6158874999999999 0.31609375 0.6146333333333334
8 0.33489843750000003 0.5488208333333334 0.3678046875 0.48645416666666663 0.3334875 0.45480208333333333 0.3036375 0.5177937499999999 0.33489843750000003 0.5488208333333334
6 0.400946875 0.49554375 0.426096875 0.45041458333333334 0.3163296875 0.34793333333333337 0.29165 0.39086875 0.400946875 0.49554375
13 0.38613906249999996 0.5923833333333334 0.36004843750000004 0.5431791666666667 0.3250265625 0.5782791666666667 0.3490015625 0.6227833333333332 0.38613906249999996 0.5923833333333334
5 0.44020000000000004 0.5641770833333334 0.41269999999999996 0.5193604166666667 0.3795578125 0.55885 0.40588281249999997 0.6008437499999999 0.44020000000000004 0.5641770833333334
11 0.3981265625 0.41593958333333336 0.4333828125 0.4482208333333333 0.4733421875 0.37582499999999996 0.43690937500000004 0.34323125 0.41575468750000005 0.37425833333333336 0.3981265625 0.41593958333333336
2 0.598153125 0.46106874999999997 0.611315625 0.40559791666666667 0.48156875 0.3557666666666667 0.47075625 0.4102979166666667 0.598153125 0.46106874999999997
7 0.7182625 0.4516666666666667 0.687940625 0.33853125 0.6491578125 0.35921458333333334 0.677834375 0.47141041666666667 0.7182625 0.4516666666666667
9 0.6757187499999999 0.6644645833333332 0.652684375 0.60460625 0.616721875 0.6240354166666666 0.633409375 0.6820145833333334 0.6757187499999999 0.6644645833333332
11 0.65409375 0.5948895833333334 0.655975 0.4927229166666667 0.610375 0.4908416666666667 0.608259375 0.5923833333333334 0.65409375 0.5948895833333334
14 0.621421875 0.6641520833333333 0.5826390625 0.49021458333333334 0.542915625 0.506825 0.5814640625 0.6829541666666666 0.621421875 0.6641520833333333
12 0.5541984375 0.60053125 0.5408000000000001 0.5441187500000001 0.45265781250000003 0.57859375 0.4519515625 0.5782791666666667 0.4648796875 0.6353187499999999 0.5541984375 0.60053125
10 0.41481406249999997 0.6111875 0.39177968750000003 0.7274583333333333 0.4322078125 0.7440666666666667 0.4540671875 0.62685625 0.41481406249999997 0.6111875
4 0.4582984375 0.685775 0.4658203125 0.69643125 0.4766328125 0.70113125 0.48955937499999996 0.6951770833333334 0.49731718750000004 0.6851479166666666 0.4999015625 0.6688520833333332 0.4987265625 0.6497354166666667 0.48626874999999997 0.6393916666666667 0.47287187499999994 0.637825 0.461825 0.6431541666666667 0.45712343750000006 0.6516145833333333 0.4535984375 0.6610166666666667 0.45524375 0.6751208333333333 0.4582984375 0.685775