11 0.6828578125 0.6647645833333333 0.69370625 0.6736666666666667 0.7404375 0.6747791666666667 0.743359375 0.6169208333333334 0.74315 0.6127479166666667 0.688490625 0.60579375 0.6828578125 0.6647645833333333
6 0.7393953125 0.5109395833333333 0.647809375 0.3746395833333333 0.6169328125 0.4124708333333333 0.7099796875 0.5479354166666667 0.7400203125 0.5109395833333333 0.7391859375000001 0.5112187499999999 0.73814375 0.5120520833333333 0.7393953125 0.5109395833333333
14 0.558728125 0.5240145833333333 0.674096875 0.6269354166666666 0.693915625 0.5877125 0.6968359375000001 0.5802020833333333 0.58480625 0.4745 0.558728125 0.5240145833333333
9 0.6630390625 0.6580895833333333 0.6384218749999999 0.6066291666666667 0.60024375 0.6394520833333334 0.623609375 0.68813125 0.6630390625 0.6580895833333333
7 0.5998265625 0.7092708333333333 0.592315625 0.65196875 0.503234375 0.6775604166666667 0.5113703125 0.7301333333333333 0.5998265625 0.7092708333333333
8 0.5643609374999999 0.5802020833333333 0.5432890625 0.5098270833333334 0.503234375 0.5312458333333333 0.525765625 0.6019 0.5643609374999999 0.5802020833333333
1 0.4973921875 0.6569770833333333 0.4817453125 0.6055166666666667 0.44273281249999996 0.6297166666666667 0.461509375 0.6795083333333333 0.4973921875 0.6569770833333333
5 0.6169328125 0.4589229166666666 0.6039984375 0.4027354166666666 0.5616484374999999 0.41942500000000005 0.57604375 0.47728333333333334 0.6169328125 0.4589229166666666
9 0.6108828125 0.40217916666666664 0.6336234375 0.35238749999999996 0.5973234374999999 0.3195645833333333 0.5743750000000001 0.37046666666666667 0.6108828125 0.40217916666666664
2 0.48842187499999995 0.40635 0.5887687500000001 0.283125 0.560396875 0.23833958333333335 0.45963125 0.36295625 0.48842187499999995 0.40635
4 0.4479484375 0.5256833333333334 0.437309375 0.5259604166666667 0.42938124999999994 0.5326375 0.42249687500000005 0.5415375 0.41957656249999997 0.5604541666666666 0.42124531249999997 0.5718583333333334 0.43355468750000004 0.5857666666666667 0.443359375 0.5879916666666667 0.453790625 0.5852104166666667 0.46234374999999994 0.57491875 0.46797656249999997 0.5632354166666667 0.46776875 0.5496041666666667 0.46317812500000005 0.5384791666666667 0.45775468750000003 0.5279083333333333 0.4479484375 0.5256833333333334
13 0.46547343750000003 0.48840833333333333 0.4462796875 0.4377833333333333 0.40685000000000004 0.46115 0.4256265625 0.5126083333333333 0.46547343750000003 0.48840833333333333
10 0.388909375 0.45002291666666666 0.42166249999999994 0.33847916666666666 0.3813984375 0.3151083333333334 0.34801875 0.43027291666666667 0.388909375 0.45002291666666666
12 0.4160296875 0.6497437500000001 0.4089359375 0.6489104166666666 0.40142656250000003 0.6447375 0.394125 0.6375041666666666 0.38974375 0.6302729166666666 0.3857796875 0.6197020833333333 0.3847359375 0.6113583333333333 0.3849453125 0.6035687500000001 0.385153125 0.5935541666666667 0.38598750000000004 0.5854874999999999 0.3876578125 0.5768645833333333 0.393915625 0.5674083333333333 0.4008 0.5610104166666667 0.3953765625 0.5468229166666667 0.35740625000000004 0.5729708333333333 0.39767031249999996 0.6839583333333333 0.43793437500000004 0.6583666666666667 0.43355468750000004 0.64306875 0.427921875 0.6466833333333334 0.42249687500000005 0.6483541666666667 0.4160296875 0.6497437500000001
3 0.39641875 0.6878520833333333 0.3482265625 0.5868791666666666 0.31171875 0.6188687500000001 0.3607453125 0.71900625 0.39641875 0.6878520833333333