11 0.30629375 0.6736666666666667 0.3171421875 0.6647645833333333 0.31150937500000003 0.60579375 0.25684999999999997 0.6127479166666667 0.256640625 0.6169208333333334 0.25956250000000003 0.6747791666666667 0.30629375 0.6736666666666667
6 0.3830671875 0.4124708333333333 0.352190625 0.3746395833333333 0.2606046875 0.5109395833333333 0.26185625 0.5120520833333333 0.2608140625 0.5112187499999999 0.2599796875 0.5109395833333333 0.2900203125 0.5479354166666667 0.3830671875 0.4124708333333333
14 0.441271875 0.5240145833333333 0.41519375 0.4745 0.3031640625 0.5802020833333333 0.306084375 0.5877125 0.325903125 0.6269354166666666 0.441271875 0.5240145833333333
9 0.376390625 0.68813125 0.39975625 0.6394520833333334 0.361578125 0.6066291666666667 0.3369609375 0.6580895833333333 0.376390625 0.68813125
7 0.4886296875 0.7301333333333333 0.496765625 0.6775604166666667 0.407684375 0.65196875 0.4001734375 0.7092708333333333 0.4886296875 0.7301333333333333
8 0.474234375 0.6019 0.496765625 0.5312458333333333 0.4567109375 0.5098270833333334 0.43563906250000006 0.5802020833333333 0.474234375 0.6019
1 0.538490625 0.6795083333333333 0.5572671875 0.6297166666666667 0.5182546875 0.6055166666666667 0.5026078125 0.6569770833333333 0.538490625 0.6795083333333333
5 0.42395625 0.47728333333333334 0.4383515625 0.41942500000000005 0.3960015625 0.4027354166666666 0.3830671875 0.4589229166666666 0.42395625 0.47728333333333334
9 0.425625 0.37046666666666667 0.40267656250000006 0.3195645833333333 0.3663765625 0.35238749999999996 0.3891171875 0.40217916666666664 0.425625 0.37046666666666667
2 0.5403687500000001 0.36295625 0.439603125 0.23833958333333335 0.41123125 0.283125 0.511578125 0.40635 0.5403687500000001 0.36295625
4 0.5376562500000001 0.57491875 0.546209375 0.5852104166666667 0.556640625 0.5879916666666667 0.5664453125 0.5857666666666667 0.5787546875 0.5718583333333334 0.5804234375 0.5604541666666666 0.577503125 0.5415375 0.5706187500000001 0.5326375 0.562690625 0.5259604166666667 0.5520515625 0.5256833333333334 0.5422453125 0.5279083333333333 0.536821875 0.5384791666666667 0.5322312499999999 0.5496041666666667 0.5320234375 0.5632354166666667 0.5376562500000001 0.57491875
13 0.5743734375 0.5126083333333333 0.59315 0.46115 0.5537203125 0.4377833333333333 0.5345265625 0.48840833333333333 0.5743734375 0.5126083333333333
10 0.65198125 0.43027291666666667 0.6186015625 0.3151083333333334 0.5783375000000001 0.33847916666666666 0.611090625 0.45002291666666666 0.65198125 0.43027291666666667
12 0.6023296874999999 0.6839583333333333 0.64259375 0.5729708333333333 0.6046234375 0.5468229166666667 0.5992 0.5610104166666667 0.606084375 0.5674083333333333 0.6123421875 0.5768645833333333 0.6140125000000001 0.5854874999999999 0.614846875 0.5935541666666667 0.6150546875 0.6035687500000001 0.6152640625 0.6113583333333333 0.6142203125 0.6197020833333333 0.6102562500000001 0.6302729166666666 0.6058749999999999 0.6375041666666666 0.5985734375 0.6447375 0.5910640625 0.6489104166666666 0.5839703125 0.6497437500000001 0.577503125 0.6483541666666667 0.572078125 0.6466833333333334 0.5664453125 0.64306875 0.562065625 0.6583666666666667 0.6023296874999999 0.6839583333333333
3 0.6392546875 0.71900625 0.68828125 0.6188687500000001 0.6517734374999999 0.5868791666666666 0.60358125 0.6878520833333333 0.6392546875 0.71900625