4 0.4953125 0.45208333333333334 0.4984375 0.47708333333333336 0.5171875 0.49166666666666664 0.5328125 0.4875 0.5453125 0.46458333333333335 0.5453125 0.45416666666666666 0.5390625 0.4375 0.5234375 0.4270833333333333 0.50625 0.43125 0.4953125 0.45208333333333334
1 0.51875 0.5604166666666667 0.5484375 0.5458333333333333 0.559375 0.5333333333333333 0.559375 0.53125 0.5421875 0.48541666666666666 0.503125 0.5083333333333333 0.503125 0.5208333333333334 0.51875 0.5604166666666667
2 0.396875 0.4125 0.53125 0.39791666666666664 0.53125 0.3875 0.5265625 0.33958333333333335 0.390625 0.35625 0.390625 0.3958333333333333 0.396875 0.4125
3 0.359375 0.50625 0.4375 0.47291666666666665 0.4421875 0.46458333333333335 0.4421875 0.45625 0.4328125 0.41458333333333336 0.415625 0.4166666666666667 0.3453125 0.45208333333333334 0.359375 0.50625
8 0.3609375 0.5916666666666667 0.4046875 0.6 0.4109375 0.5458333333333333 0.4109375 0.534375 0.4109375 0.5229166666666667 0.3671875 0.51875 0.3609375 0.5375 0.3609375 0.5916666666666667
5 0.35625 0.6645833333333333 0.4 0.6666666666666666 0.4046875 0.6458333333333334 0.4046875 0.6354166666666666 0.403125 0.6020833333333333 0.3625 0.6 0.3546875 0.6083333333333333 0.35625 0.6645833333333333
6 0.4890625 0.6645833333333333 0.5125 0.7 0.51875 0.7020833333333333 0.6171875 0.5875 0.6171875 0.5791666666666667 0.590625 0.5395833333333333 0.584375 0.5395833333333333 0.49375 0.6458333333333334 0.4890625 0.6645833333333333
7 0.5265625 0.29791666666666666 0.534375 0.35625 0.534375 0.3958333333333333 0.5546875 0.4 0.58125 0.39375 0.58125 0.38125 0.5734375 0.275 0.53125 0.27708333333333335 0.5265625 0.2833333333333333 0.5265625 0.29791666666666666
14 0.575 0.6416666666666667 0.5953125 0.6770833333333334 0.6046875 0.6833333333333333 0.70625 0.5708333333333333 0.70625 0.5645833333333333 0.68125 0.525 0.6734375 0.525 0.5859375 0.6229166666666667 0.575 0.6416666666666667
15 0.6125 0.5375 0.703125 0.5020833333333333 0.703125 0.4979166666666667 0.6921875 0.4479166666666667 0.6 0.48125 0.60625 0.5270833333333333 0.6125 0.5375
13 0.515625 0.575 0.5171875 0.5729166666666666 0.5 0.5208333333333334 0.4578125 0.5479166666666667 0.4765625 0.5979166666666667 0.515625 0.575
11 0.4453125 0.5125 0.4875 0.5166666666666667 0.496875 0.425 0.4984375 0.42291666666666666 0.478125 0.41458333333333336 0.453125 0.41458333333333336 0.44375 0.4666666666666667 0.4453125 0.5125
9 0.5890625 0.5020833333333333 0.5984375 0.4625 0.5984375 0.44375 0.553125 0.4354166666666667 0.5453125 0.4875 0.55 0.49375 0.5890625 0.5020833333333333
10 0.6046875 0.39791666666666664 0.6234375 0.4354166666666667 0.634375 0.4395833333333333 0.7046875 0.3729166666666667 0.7046875 0.36666666666666664 0.684375 0.32916666666666666 0.6765625 0.325 0.609375 0.3875 0.6046875 0.39791666666666664
11 0.2828125 0.5666666666666667 0.3265625 0.5708333333333333 0.334375 0.4875 0.334375 0.48541666666666666 0.3015625 0.47708333333333336 0.2859375 0.48125 0.278125 0.525 0.2828125 0.5666666666666667