4 0.634375 0.30416666666666664 0.6203125 0.2833333333333333 0.596875 0.28541666666666665 0.5796875 0.3145833333333333 0.5796875 0.33125 0.590625 0.35 0.6109375 0.35208333333333336 0.63125 0.33125 0.634375 0.32083333333333336 0.634375 0.30416666666666664
1 0.5015625 0.41875 0.4859375 0.3729166666666667 0.4734375 0.375 0.4453125 0.3958333333333333 0.4609375 0.44583333333333336 0.48125 0.4395833333333333 0.5015625 0.42083333333333334 0.5015625 0.41875
2 0.7359375 0.6916666666666667 0.6125 0.6270833333333333 0.6046875 0.6291666666666667 0.5921875 0.6708333333333333 0.5921875 0.6791666666666667 0.6 0.6875 0.71875 0.7479166666666667 0.7359375 0.7 0.7359375 0.6916666666666667
3 0.6171875 0.725 0.54375 0.6520833333333333 0.51875 0.69375 0.521875 0.70625 0.590625 0.7729166666666667 0.6171875 0.7270833333333333 0.6171875 0.725
5 0.36875 0.4666666666666667 0.3515625 0.46041666666666664 0.3203125 0.4625 0.3171875 0.5208333333333334 0.365625 0.525 0.36875 0.4775 0.36875 0.4666666666666667
7 0.7078125 0.6020833333333333 0.6640625 0.5 0.6265625 0.525 0.625 0.5395833333333333 0.6609375 0.6291666666666667 0.675 0.6333333333333333 0.7078125 0.6083333333333333 0.7078125 0.6020833333333333
6 0.509375 0.5729166666666666 0.4078125 0.4625 0.3984375 0.4666666666666667 0.378125 0.5020833333333333 0.38125 0.5125 0.4828125 0.6166666666666667 0.509375 0.5770833333333333 0.509375 0.5729166666666666
13 0.5203125 0.475 0.49375 0.4375 0.4875 0.4375 0.459375 0.4791666666666667 0.4921875 0.51875 0.5203125 0.4791666666666667 0.5203125 0.475
14 0.415625 0.29791666666666666 0.3828125 0.27291666666666664 0.3734375 0.27708333333333335 0.3203125 0.4125 0.315625 0.4354166666666667 0.346875 0.4583333333333333 0.3578125 0.4583333333333333 0.415625 0.30625 0.415625 0.29791666666666666
15 0.621875 0.5083333333333333 0.603125 0.46458333333333335 0.5375 0.5 0.521875 0.5104166666666666 0.51875 0.51875 0.5375 0.5645833333333333 0.621875 0.5208333333333334 0.621875 0.5083333333333333
9 0.5515625 0.37916666666666665 0.5109375 0.37083333333333335 0.503125 0.42916666666666664 0.54375 0.4395833333333333 0.5515625 0.39375 0.5515625 0.37916666666666665
10 0.7359375 0.38125 0.6453125 0.3645833333333333 0.6390625 0.375 0.634375 0.42291666666666666 0.7296875 0.4375 0.7359375 0.38958333333333334 0.7359375 0.38125
11 0.6015625 0.3770833333333333 0.6 0.3645833333333333 0.5953125 0.3625 0.55625 0.35833333333333334 0.54375 0.44375 0.546875 0.45625 0.5890625 0.4625 0.6015625 0.37916666666666665 0.6015625 0.3770833333333333
11 0.5046875 0.6333333333333333 0.4640625 0.6104166666666667 0.4375 0.6791666666666667 0.4375 0.6895833333333333 0.478125 0.7125 0.5046875 0.6375 0.5046875 0.6333333333333333
8 0.4578125 0.5958333333333333 0.4140625 0.55 0.3890625 0.5916666666666667 0.396875 0.6083333333333333 0.428125 0.6395833333333333 0.4390625 0.6333333333333333 0.459375 0.5979166666666667 0.4578125 0.5958333333333333