11 0.3625 0.46875 0.36875 0.5104166666666666 0.4109375 0.5125 0.409375 0.44375 0.365625 0.44166666666666665 0.3625 0.45625 0.3625 0.46875
11 0.396875 0.63125 0.4296875 0.68125 0.4671875 0.65 0.4640625 0.6354166666666666 0.4359375 0.5916666666666667 0.396875 0.6270833333333333 0.396875 0.63125
1 0.534375 0.5458333333333333 0.5671875 0.58125 0.5953125 0.5375 0.571875 0.5083333333333333 0.559375 0.5020833333333333 0.534375 0.5416666666666666 0.534375 0.5458333333333333
3 0.4125 0.51875 0.503125 0.525 0.509375 0.50625 0.5078125 0.4708333333333333 0.4203125 0.46458333333333335 0.415625 0.46875 0.4125 0.5052083333333334 0.4125 0.51875
2 0.4171875 0.42083333333333334 0.440625 0.45625 0.45 0.4583333333333333 0.5390625 0.34791666666666665 0.5421875 0.33125 0.515625 0.29583333333333334 0.5109375 0.29791666666666666 0.415625 0.41875 0.4171875 0.42083333333333334
8 0.3015625 0.5958333333333333 0.3078125 0.6416666666666667 0.3640625 0.6291666666666667 0.3640625 0.6166666666666667 0.353125 0.5958333333333333 0.359375 0.5729166666666666 0.3015625 0.58125 0.3015625 0.5958333333333333
5 0.4390625 0.5895833333333333 0.471875 0.6104166666666667 0.48125 0.6104166666666667 0.4921875 0.5854166666666667 0.496875 0.5541666666666667 0.459375 0.5333333333333333 0.4515625 0.5395833333333333 0.4390625 0.58125 0.4390625 0.5895833333333333
7 0.5640625 0.49583333333333335 0.571875 0.5020833333333333 0.653125 0.4979166666666667 0.659375 0.48541666666666666 0.6578125 0.44375 0.5640625 0.44375 0.5640625 0.48541666666666666 0.5640625 0.49583333333333335
6 0.5203125 0.6583333333333333 0.553125 0.69375 0.6234375 0.5895833333333333 0.640625 0.5541666666666667 0.615625 0.5229166666666667 0.6078125 0.5208333333333334 0.5203125 0.6520833333333333 0.5203125 0.6583333333333333
4 0.3953125 0.5645833333333333 0.40625 0.5854166666666667 0.4328125 0.5875 0.44375 0.5666666666666667 0.4453125 0.5520833333333334 0.4328125 0.5270833333333333 0.4125 0.525 0.4 0.5375 0.3953125 0.5520833333333334 0.3953125 0.5645833333333333
13 0.3546875 0.5979166666666667 0.378125 0.6375 0.39375 0.6291666666666667 0.4140625 0.60625 0.4125 0.59375 0.3984375 0.575 0.39375 0.5583333333333333 0.384375 0.5604166666666667 0.3546875 0.5895833333333333 0.3546875 0.5979166666666667
12 0.5578125 0.40208333333333335 0.5875 0.4125 0.603125 0.41041666666666665 0.6203125 0.3104166666666667 0.61875 0.28958333333333336 0.578125 0.2791666666666667 0.5578125 0.39375 0.5578125 0.40208333333333335
14 0.3484375 0.3875 0.3734375 0.42916666666666664 0.3796875 0.42916666666666664 0.4671875 0.33541666666666664 0.48125 0.3125 0.45625 0.2708333333333333 0.45 0.2708333333333333 0.3484375 0.38125 0.3484375 0.3875
9 0.490625 0.6 0.5109375 0.6125 0.5328125 0.6166666666666667 0.546875 0.56875 0.5359375 0.55625 0.5046875 0.5479166666666667 0.490625 0.5958333333333333 0.490625 0.6
10 0.26875 0.48125 0.2734375 0.51875 0.365625 0.50625 0.3625 0.4583333333333333 0.3578125 0.4479166666666667 0.26875 0.4625 0.26875 0.48125