5 0.515625 0.25 0.525 0.2833333333333333 0.5328125 0.2916666666666667 0.5640625 0.27708333333333335 0.571875 0.26666666666666666 0.5671875 0.22916666666666666 0.5578125 0.20625 0.55625 0.20416666666666666 0.5171875 0.22083333333333333 0.515625 0.25
3 0.5359375 0.3104166666666667 0.546875 0.34791666666666665 0.6296875 0.3145833333333333 0.6328125 0.3020833333333333 0.621875 0.25416666666666665 0.6125 0.25416666666666665 0.5359375 0.28958333333333336 0.5359375 0.3104166666666667
2 0.459375 0.4875 0.496875 0.5 0.503125 0.49375 0.50625 0.47708333333333336 0.521875 0.3229166666666667 0.515625 0.3145833333333333 0.4875 0.30833333333333335 0.4796875 0.30833333333333335 0.46875 0.3645833333333333 0.459375 0.4875
6 0.5859375 0.56875 0.5890625 0.5833333333333334 0.6140625 0.59375 0.6296875 0.5895833333333333 0.665625 0.41875 0.6625 0.4125 0.63125 0.4 0.6265625 0.4 0.6140625 0.43333333333333335 0.5859375 0.56875
14 0.3765625 0.6041666666666666 0.4171875 0.6104166666666667 0.421875 0.6020833333333333 0.43125 0.4270833333333333 0.39375 0.42083333333333334 0.3921875 0.42083333333333334 0.3859375 0.43125 0.3765625 0.6041666666666666
12 0.46875 0.65 0.5046875 0.675 0.546875 0.5625 0.509375 0.5354166666666667 0.5078125 0.5354166666666667 0.46875 0.6416666666666667 0.46875 0.65
10 0.50625 0.6958333333333333 0.5359375 0.7166666666666667 0.54375 0.7125 0.5796875 0.6145833333333334 0.578125 0.6041666666666666 0.546875 0.5833333333333334 0.5421875 0.5833333333333334 0.503125 0.6854166666666667 0.50625 0.6958333333333333
11 0.3421875 0.7208333333333333 0.3859375 0.7354166666666667 0.4046875 0.6375 0.365625 0.6229166666666667 0.3625 0.6229166666666667 0.3453125 0.6770833333333334 0.3421875 0.7208333333333333
11 0.55 0.49166666666666664 0.5796875 0.41875 0.5453125 0.38958333333333334 0.5421875 0.38958333333333334 0.5125 0.46875 0.55 0.49166666666666664
13 0.5765625 0.40208333333333335 0.5796875 0.4083333333333333 0.61875 0.41458333333333336 0.6234375 0.4083333333333333 0.63125 0.3541666666666667 0.5921875 0.33958333333333335 0.590625 0.33958333333333335 0.5828125 0.35208333333333336 0.5765625 0.40208333333333335
1 0.50625 0.5333333333333333 0.5453125 0.55625 0.5640625 0.5041666666666667 0.528125 0.48125 0.5234375 0.48125 0.5078125 0.5166666666666667 0.50625 0.5333333333333333
7 0.4390625 0.6125 0.4640625 0.6270833333333333 0.475 0.6208333333333333 0.50625 0.5208333333333334 0.4984375 0.50625 0.475 0.49583333333333335 0.465625 0.49583333333333335 0.434375 0.59375 0.4390625 0.6125
9 0.3375 0.4875 0.3796875 0.4583333333333333 0.353125 0.4041666666666667 0.3515625 0.4041666666666667 0.3140625 0.4354166666666667 0.3375 0.4875
4 0.415625 0.64375 0.4171875 0.66875 0.434375 0.6875 0.4515625 0.6833333333333333 0.4640625 0.6604166666666667 0.4625 0.6333333333333333 0.4453125 0.61875 0.4375 0.61875 0.4265625 0.625 0.415625 0.64375
8 0.45625 0.43125 0.46875 0.35833333333333334 0.4375 0.34375 0.428125 0.34375 0.4140625 0.41458333333333336 0.45625 0.43125