1 0.4609375 0.5020833333333333 0.4703125 0.54375 0.5140625 0.53125 0.503125 0.475 0.4703125 0.48333333333333334 0.4609375 0.49166666666666664 0.4609375 0.5020833333333333
3 0.31875 0.4270833333333333 0.38125 0.5 0.3875 0.5 0.4125 0.46041666666666664 0.4046875 0.44166666666666665 0.346875 0.37916666666666665 0.33125 0.39375 0.315625 0.42291666666666666 0.31875 0.4270833333333333
2 0.4125 0.4270833333333333 0.41875 0.4708333333333333 0.509375 0.4625 0.55 0.45625 0.5546875 0.45 0.5484375 0.39791666666666664 0.4125 0.41458333333333336 0.4125 0.4270833333333333
8 0.4421875 0.36041666666666666 0.4515625 0.40208333333333335 0.50625 0.3854166666666667 0.496875 0.32916666666666666 0.4640625 0.3333333333333333 0.4421875 0.3458333333333333 0.4421875 0.36041666666666666
13 0.346875 0.6020833333333333 0.3671875 0.6270833333333333 0.3828125 0.6354166666666666 0.40625 0.6020833333333333 0.4109375 0.5854166666666667 0.3890625 0.5604166666666667 0.371875 0.55625 0.346875 0.6 0.346875 0.6020833333333333
14 0.5546875 0.6833333333333333 0.5625 0.7270833333333333 0.5703125 0.73125 0.690625 0.6916666666666667 0.696875 0.6875 0.6984375 0.6770833333333334 0.6890625 0.6333333333333333 0.6765625 0.63125 0.56875 0.6666666666666666 0.5546875 0.6770833333333334 0.5546875 0.6833333333333333
15 0.54375 0.39166666666666666 0.6359375 0.39375 0.6390625 0.3375 0.6359375 0.33125 0.5453125 0.33125 0.54375 0.38 0.54375 0.39166666666666666
11 0.5734375 0.5916666666666667 0.6015625 0.6375 0.6375 0.59375 0.6125 0.5479166666666667 0.5734375 0.5875 0.5734375 0.5916666666666667
11 0.5078125 0.48333333333333334 0.515625 0.5291666666666667 0.5703125 0.5125 0.559375 0.45625 0.5078125 0.4708333333333333 0.5078125 0.48333333333333334
10 0.4890625 0.55625 0.496875 0.6 0.5625 0.5833333333333334 0.584375 0.56875 0.5796875 0.525 0.5703125 0.5145833333333333 0.4890625 0.5458333333333333 0.4890625 0.55625
9 0.253125 0.4708333333333333 0.25625 0.5041666666666667 0.2609375 0.5104166666666666 0.296875 0.50625 0.3109375 0.4979166666666667 0.3046875 0.4479166666666667 0.2828125 0.44375 0.253125 0.45416666666666666 0.253125 0.4708333333333333
4 0.434375 0.625 0.4484375 0.6458333333333334 0.4671875 0.6458333333333334 0.4796875 0.63125 0.484375 0.6104166666666667 0.478125 0.5875 0.4703125 0.5791666666666667 0.45 0.58125 0.434375 0.60625 0.434375 0.625
5 0.4015625 0.4895833333333333 0.4140625 0.5416666666666666 0.45 0.5333333333333333 0.4609375 0.51875 0.459375 0.4875 0.446875 0.4708333333333333 0.4203125 0.47291666666666665 0.4015625 0.48541666666666666 0.4015625 0.4895833333333333
6 0.278125 0.6354166666666666 0.309375 0.6604166666666667 0.3203125 0.6583333333333333 0.3828125 0.5208333333333334 0.3859375 0.5041666666666667 0.3625 0.48125 0.346875 0.47708333333333336 0.278125 0.6270833333333333 0.278125 0.6354166666666666
7 0.49375 0.6729166666666667 0.5265625 0.7104166666666667 0.578125 0.6395833333333333 0.5859375 0.6208333333333333 0.5765625 0.6020833333333333 0.5546875 0.5854166666666667 0.49375 0.6708333333333333 0.49375 0.6729166666666667