7 0.3970515625 0.250525 0.4829703125 0.2892895833333334 0.494903125 0.23606041666666666 0.4098515625 0.20047916666666668 0.3970515625 0.250525
12 0.4879609375 0.28147916666666667 0.486659375 0.2982583333333333 0.573228125 0.32458333333333333 0.579303125 0.31069791666666663 0.5884171874999999 0.25544375 0.574746875 0.25197291666666666 0.56455 0.254575 0.5456734375 0.25255 0.5298359375 0.2479208333333333 0.5205062500000001 0.24184583333333334 0.5103078125 0.23461458333333332 0.5081390625 0.23143125 0.4985921875 0.22767083333333332 0.4879609375 0.28147916666666667
14 0.5760500000000001 0.4122395833333333 0.615971875 0.4379854166666667 0.6749859375 0.27308958333333333 0.6359328125 0.24763333333333334 0.5760500000000001 0.4122395833333333
5 0.606859375 0.48832291666666666 0.64743125 0.5146479166666666 0.666959375 0.46170833333333333 0.627253125 0.4359604166666667 0.606859375 0.48832291666666666
1 0.611415625 0.59883125 0.6528562499999999 0.5803166666666667 0.638753125 0.5294020833333334 0.5964437499999999 0.54849375 0.611415625 0.59883125
8 0.54545625 0.49844791666666666 0.5868984375 0.5490729166666667 0.6155375000000001 0.5103083333333334 0.5764828125 0.45736875 0.54545625 0.49844791666666666
6 0.5213734375 0.71194375 0.5593421875 0.69169375 0.507921875 0.52824375 0.47190468750000003 0.5470479166666667 0.5213734375 0.71194375
11 0.519065625 0.42218125 0.5741703125 0.42598749999999996 0.5755984375 0.3681229166666667 0.5224921874999999 0.35670208333333336 0.519065625 0.42218125
11 0.4671015625 0.4225625 0.51678125 0.4244645833333333 0.5193515625 0.358225 0.46795937500000007 0.36241249999999997 0.4671015625 0.4225625
9 0.46738749999999996 0.54438125 0.5090734375 0.523825 0.49137031249999996 0.4678625 0.45282656250000003 0.4926083333333333 0.46738749999999996 0.54438125
13 0.42912812499999997 0.5820687499999999 0.4653890625 0.5436208333333333 0.43855000000000005 0.5044104166666666 0.4051453125 0.5379104166666667 0.42912812499999997 0.5820687499999999
3 0.3785921875 0.5028875 0.46653124999999995 0.4811875 0.45853593750000005 0.4248458333333333 0.36945625 0.44806875 0.3785921875 0.5028875
4 0.33348125 0.45568125 0.3220609375 0.463675 0.31577968749999996 0.47205208333333337 0.31549375 0.48651666666666665 0.31777812499999997 0.5017437499999999 0.3306265625 0.5131645833333333 0.34233281249999997 0.5165916666666667 0.3543234375 0.5093583333333334 0.36403125 0.49222708333333337 0.361746875 0.47509583333333333 0.35746406249999996 0.46596041666666665 0.35146875 0.45758541666666663 0.34033437499999997 0.4526354166666666 0.33348125 0.45568125
10 0.3340515625 0.3860166666666667 0.36317499999999997 0.42751041666666667 0.4302703125 0.3471854166666667 0.4008625 0.307975 0.3340515625 0.3860166666666667