5 0.315625 0.325 0.325 0.3645833333333333 0.3375 0.375 0.371875 0.3625 0.378125 0.3541666666666667 0.3703125 0.30833333333333335 0.3578125 0.29583333333333334 0.315625 0.3125 0.315625 0.325
8 0.40625 0.5541666666666667 0.4078125 0.5625 0.4515625 0.5604166666666667 0.453125 0.4791666666666667 0.4078125 0.4791666666666667 0.40625 0.54375 0.40625 0.5541666666666667
2 0.315625 0.49583333333333335 0.3484375 0.6604166666666667 0.390625 0.6458333333333334 0.39375 0.6333333333333333 0.3734375 0.5479166666666667 0.3625 0.47291666666666665 0.35 0.4708333333333333 0.315625 0.48541666666666666 0.315625 0.49583333333333335
1 0.4828125 0.7520833333333333 0.4953125 0.7625 0.521875 0.76875 0.5375 0.7208333333333333 0.53125 0.7041666666666667 0.5125 0.7041666666666667 0.50625 0.6916666666666667 0.496875 0.6895833333333333 0.4828125 0.7375 0.4828125 0.7520833333333333
3 0.5203125 0.55 0.5421875 0.5875 0.55 0.5916666666666667 0.61875 0.5166666666666667 0.6015625 0.48333333333333334 0.5875 0.47291666666666665 0.5203125 0.5458333333333333 0.5203125 0.55
11 0.55625 0.39375 0.565625 0.44375 0.6109375 0.43333333333333335 0.609375 0.4083333333333333 0.5984375 0.37083333333333335 0.55625 0.38125 0.55625 0.39375
11 0.39375 0.33541666666666664 0.409375 0.4083333333333333 0.4515625 0.4 0.446875 0.3375 0.4390625 0.31666666666666665 0.39375 0.32708333333333334 0.39375 0.33541666666666664
4 0.48125 0.28125 0.490625 0.30833333333333335 0.5 0.31666666666666665 0.51875 0.3145833333333333 0.53125 0.2916666666666667 0.528125 0.25833333333333336 0.5125 0.24375 0.4921875 0.24791666666666667 0.48125 0.2708333333333333 0.48125 0.28125
13 0.6296875 0.5 0.64375 0.5520833333333334 0.6796875 0.5416666666666666 0.6890625 0.5333333333333333 0.6765625 0.4791666666666667 0.6578125 0.48125 0.6296875 0.49583333333333335 0.6296875 0.5
7 0.4203125 0.6979166666666666 0.45 0.8041666666666667 0.4921875 0.7833333333333333 0.4640625 0.66875 0.4203125 0.6895833333333333 0.4203125 0.6979166666666666
9 0.5015625 0.6541666666666667 0.5125 0.7020833333333333 0.534375 0.7 0.553125 0.6895833333333333 0.553125 0.6625 0.5453125 0.63125 0.5109375 0.6354166666666666 0.5015625 0.6479166666666667 0.5015625 0.6541666666666667
10 0.253125 0.5333333333333333 0.2625 0.5395833333333333 0.3 0.5375 0.30625 0.41875 0.259375 0.41458333333333336 0.253125 0.5166666666666667 0.253125 0.5333333333333333