6 0.49375 0.36875 0.5046875 0.35625 0.5171875 0.3229166666666667 0.509375 0.30416666666666664 0.4953125 0.3 0.4 0.23541666666666666 0.39375 0.23541666666666666 0.3765625 0.2833333333333333 0.38125 0.2916666666666667 0.4796875 0.3625 0.49375 0.36875
2 0.5921875 0.35625 0.596875 0.34375 0.5125 0.20625 0.5109375 0.20625 0.4859375 0.23125 0.478125 0.24791666666666667 0.5640625 0.38333333333333336 0.5921875 0.35625
3 0.3921875 0.3541666666666667 0.3859375 0.3541666666666667 0.35 0.36666666666666664 0.36875 0.48333333333333334 0.4109375 0.475 0.3921875 0.3541666666666667
8 0.375 0.35 0.39375 0.30833333333333335 0.3515625 0.26666666666666666 0.3453125 0.26666666666666666 0.321875 0.3145833333333333 0.35625 0.35208333333333336 0.3671875 0.35625 0.375 0.35
11 0.45 0.42083333333333334 0.4421875 0.33958333333333335 0.434375 0.3333333333333333 0.4328125 0.3333333333333333 0.396875 0.34375 0.396875 0.3729166666666667 0.4078125 0.43125 0.45 0.42083333333333334
11 0.45625 0.61875 0.4546875 0.6166666666666667 0.428125 0.6729166666666667 0.475 0.7041666666666667 0.5 0.6541666666666667 0.45625 0.61875
12 0.4078125 0.7104166666666667 0.45 0.61875 0.45 0.6125 0.41875 0.5854166666666667 0.4140625 0.5854166666666667 0.3640625 0.6854166666666667 0.371875 0.7 0.3953125 0.71875 0.4078125 0.7104166666666667
5 0.40625 0.5541666666666667 0.415625 0.50625 0.3796875 0.4895833333333333 0.36875 0.4895833333333333 0.35625 0.54375 0.3640625 0.5520833333333334 0.3984375 0.5645833333333333 0.40625 0.5541666666666667
1 0.5875 0.5083333333333333 0.615625 0.5104166666666666 0.6296875 0.5041666666666667 0.6328125 0.4583333333333333 0.625 0.44583333333333336 0.61640625 0.44583333333333336 0.590625 0.44583333333333336 0.584375 0.45416666666666666 0.58125 0.4979166666666667 0.5875 0.5083333333333333
13 0.49375 0.4479166666666667 0.5046875 0.4 0.4671875 0.37916666666666665 0.4625 0.37916666666666665 0.4484375 0.43333333333333335 0.4546875 0.44583333333333336 0.4859375 0.46041666666666664 0.49375 0.4479166666666667
9 0.55625 0.36875 0.528125 0.33125 0.525 0.33125 0.4953125 0.3729166666666667 0.5234375 0.41458333333333336 0.55625 0.3770833333333333 0.55625 0.36875
4 0.4328125 0.5104166666666666 0.45625 0.50625 0.4671875 0.48541666666666666 0.4640625 0.4625 0.45 0.44583333333333336 0.4421875 0.44583333333333336 0.428125 0.45 0.4171875 0.475 0.4234375 0.5020833333333333 0.4328125 0.5104166666666666
7 0.6734375 0.38958333333333334 0.675 0.37916666666666665 0.6546875 0.33541666666666664 0.65 0.33541666666666664 0.575 0.39791666666666664 0.590625 0.44166666666666665 0.603125 0.44375 0.6734375 0.38958333333333334
14 0.5984375 0.6041666666666666 0.6234375 0.5729166666666666 0.6234375 0.5604166666666667 0.5328125 0.4354166666666667 0.53125 0.4354166666666667 0.503125 0.4708333333333333 0.5046875 0.48333333333333334 0.590625 0.60625 0.5984375 0.6041666666666666
10 0.478125 0.6125 0.5109375 0.5125 0.5078125 0.5041666666666667 0.475 0.48541666666666666 0.471875 0.48541666666666666 0.4359375 0.5895833333333333 0.4421875 0.6020833333333333 0.4703125 0.61875 0.478125 0.6125