2 0.4421875 0.4666666666666667 0.409375 0.4354166666666667 0.3328125 0.5791666666666667 0.3328125 0.5854166666666667 0.3671875 0.6145833333333334 0.43125 0.4979166666666667 0.44375 0.47291666666666665 0.4421875 0.4666666666666667
3 0.3390625 0.4666666666666667 0.3328125 0.4666666666666667 0.28125 0.5604166666666667 0.28125 0.5666666666666667 0.31875 0.5979166666666667 0.36875 0.5083333333333333 0.3703125 0.4979166666666667 0.3390625 0.4666666666666667
8 0.5078125 0.61875 0.5078125 0.6208333333333333 0.5296875 0.6708333333333333 0.578125 0.6395833333333333 0.559375 0.5854166666666667 0.5078125 0.61875
1 0.5984375 0.43125 0.5828125 0.40208333333333335 0.5453125 0.4270833333333333 0.5453125 0.4375 0.565625 0.4791666666666667 0.58125 0.47291666666666665 0.603125 0.45208333333333334 0.5984375 0.43125
11 0.6578125 0.32083333333333336 0.621875 0.38125 0.621875 0.38958333333333334 0.6546875 0.42291666666666666 0.690625 0.37083333333333335 0.6953125 0.35625 0.6578125 0.32083333333333336
11 0.625 0.3416666666666667 0.5859375 0.3145833333333333 0.5640625 0.36666666666666664 0.5640625 0.375 0.6 0.4 0.6125 0.3958333333333333 0.621875 0.3770833333333333 0.625 0.3416666666666667
6 0.5171875 0.49166666666666664 0.5078125 0.49166666666666664 0.4390625 0.6395833333333333 0.4390625 0.6458333333333334 0.471875 0.6729166666666667 0.48125 0.66875 0.546875 0.5208333333333334 0.5171875 0.49166666666666664
14 0.2890625 0.6479166666666667 0.2890625 0.6604166666666667 0.421875 0.7020833333333333 0.4328125 0.64375 0.3 0.6041666666666666 0.2890625 0.6479166666666667
15 0.5921875 0.46875 0.571875 0.48125 0.571875 0.4875 0.5828125 0.5354166666666667 0.6734375 0.5041666666666667 0.6609375 0.4479166666666667 0.5921875 0.46875
4 0.44375 0.5708333333333333 0.434375 0.5541666666666667 0.409375 0.5479166666666667 0.390625 0.575 0.390625 0.5854166666666667 0.4015625 0.6083333333333333 0.4234375 0.6125 0.4390625 0.5979166666666667 0.44375 0.5708333333333333
13 0.49375 0.4979166666666667 0.4703125 0.4625 0.4625 0.4625 0.434375 0.49583333333333335 0.434375 0.4979166666666667 0.459375 0.5395833333333333 0.46875 0.5375 0.4953125 0.5125 0.49375 0.4979166666666667
7 0.496875 0.28541666666666665 0.4515625 0.28125 0.44375 0.38958333333333334 0.44375 0.3958333333333333 0.4578125 0.4041666666666667 0.4921875 0.4041666666666667 0.5 0.30625 0.496875 0.28541666666666665
5 0.5234375 0.4 0.48125 0.4166666666666667 0.48125 0.4270833333333333 0.496875 0.475 0.5375 0.45416666666666666 0.5375 0.4354166666666667 0.5234375 0.4
10 0.35625 0.3333333333333333 0.3453125 0.3375 0.3203125 0.36875 0.3203125 0.3729166666666667 0.378125 0.4625 0.3859375 0.4625 0.4125 0.4270833333333333 0.35625 0.3333333333333333
9 0.3921875 0.32083333333333336 0.375 0.35208333333333336 0.375 0.35833333333333334 0.415625 0.39791666666666664 0.4390625 0.35625 0.403125 0.3125 0.3921875 0.32083333333333336