6 0.46423125 0.30825208333333337 0.5050140625 0.3149604166666667 0.52699375 0.13311666666666666 0.48541718749999996 0.12534791666666667 0.46423125 0.30825208333333337
11 0.3890078125 0.31379375000000004 0.39207187499999996 0.32740625 0.43750625000000004 0.31379375000000004 0.4252546875 0.24912916666666665 0.38339218750000004 0.2607 0.3890078125 0.31379375000000004
11 0.6330312499999999 0.37369375 0.6672359375 0.3117520833333333 0.635584375 0.275675 0.603421875 0.32604583333333337 0.598828125 0.335575 0.6330312499999999 0.37369375
9 0.5967859375 0.47035 0.6263953124999999 0.51323125 0.6646828124999999 0.4798791666666667 0.6376265625 0.4281479166666667 0.6029125 0.46218125000000004 0.5967859375 0.47035
13 0.45180156250000003 0.39343333333333336 0.49519375 0.38118125 0.4875359375 0.3233229166666666 0.44516406249999996 0.33489375 0.45180156250000003 0.39343333333333336
5 0.39258125 0.48192083333333335 0.42627499999999996 0.4424416666666667 0.3946234375 0.39751666666666663 0.36450312500000004 0.4376770833333333 0.39258125 0.48192083333333335
14 0.5269359375 0.35045000000000004 0.5685156250000001 0.36053125 0.6007718750000001 0.18748958333333335 0.5617125 0.17371250000000002 0.5269359375 0.35045000000000004
1 0.5468437500000001 0.36389166666666667 0.5400406249999999 0.42101041666666666 0.5836359375 0.4267229166666667 0.5901890625 0.37061041666666666 0.5516328125000001 0.3665791666666667 0.5468437500000001 0.36389166666666667
8 0.47048750000000006 0.41025833333333334 0.450075 0.4573 0.4982078125 0.49963541666666667 0.5208875 0.45125208333333333 0.47124375 0.40857916666666666 0.47048750000000006 0.41025833333333334
2 0.30769375 0.45024375 0.4014390625 0.5812833333333334 0.4336953125 0.5423083333333333 0.337934375 0.412275 0.30769375 0.45024375
4 0.4644390625 0.5429791666666667 0.5150921875 0.5839729166666667 0.53726875 0.5362604166666666 0.48762343750000003 0.4959395833333333 0.4644390625 0.5429791666666667
10 0.369434375 0.6730125 0.3951390625 0.7166937499999999 0.4667078125 0.6421 0.4415078125 0.5994291666666667 0.36993906249999997 0.67166875 0.369434375 0.6730125
12 0.54375 0.5397916666666667 0.54890625 0.553125 0.546875 0.5768749999999999 0.5389062499999999 0.5960416666666667 0.528125 0.6058333333333333 0.51515625 0.6085416666666668 0.5025000000000001 0.60625 0.49421875000000004 0.5995833333333334 0.48453125 0.6114583333333333 0.51671875 0.6495833333333334 0.5782812500000001 0.5564583333333334 0.545 0.5195833333333334 0.54453125 0.5197916666666667 0.5371875 0.5297916666666667 0.54375 0.5397916666666667
3 0.52625 0.650625 0.5915625 0.7372916666666666 0.61984375 0.6975 0.5560937499999999 0.6125 0.52625 0.650625
7 0.61890625 0.6879166666666666 0.65890625 0.67625 0.6443749999999999 0.5604166666666667 0.60359375 0.56875 0.61890625 0.6879166666666666