14 0.6643484374999999 0.43070625 0.7242703125000001 0.5936666666666667 0.763603125 0.5658604166666666 0.7015687500000001 0.40853125 0.6643484374999999 0.43070625
1 0.64455 0.3638333333333333 0.619209375 0.4095875 0.6537890625 0.44161666666666666 0.6783390625 0.398325 0.64455 0.3638333333333333
2 0.6266 0.23958749999999998 0.594659375 0.2779520833333333 0.6923296875 0.40677291666666665 0.718990625 0.371575 0.6266 0.23958749999999998
10 0.6754359375 0.4951166666666667 0.6044265625 0.5721958333333333 0.633728125 0.61654375 0.69919375 0.54051875 0.6754359375 0.4951166666666667
5 0.571165625 0.61865625 0.5830437500000001 0.6806020833333334 0.6244875000000001 0.6689875 0.613665625 0.6080958333333334 0.571165625 0.61865625
6 0.5289296875 0.5553020833333334 0.5547984375 0.6017604166666667 0.665140625 0.49652291666666665 0.641646875 0.4493604166666667 0.5289296875 0.5553020833333334
3 0.510715625 0.4088833333333334 0.4864296875 0.45217500000000005 0.55955 0.5208083333333333 0.5817249999999999 0.47751666666666664 0.510715625 0.4088833333333334
11 0.49434843749999996 0.648925 0.516259375 0.7013666666666667 0.5706375 0.6739145833333333 0.5695812499999999 0.6739145833333333 0.5445046875 0.6190083333333334 0.49434843749999996 0.648925
11 0.470590625 0.5176416666666667 0.45950468750000006 0.5208083333333333 0.44472187500000004 0.5753645833333334 0.4948765625 0.5887395833333334 0.5012125000000001 0.5486145833333332 0.470590625 0.5176416666666667
4 0.5344734375 0.5753645833333334 0.5239140625 0.5679729166666667 0.5101875 0.56938125 0.5001562500000001 0.58064375 0.49778124999999995 0.6052812500000001 0.5038515625 0.6193604166666666 0.5109796875 0.6288625 0.5210109375 0.6316791666666667 0.53156875 0.6330854166666666 0.536584375 0.6260479166666666 0.5439765624999999 0.6137291666666667 0.5429203125 0.5912020833333334 0.5344734375 0.5753645833333334
15 0.4734953125 0.4447854166666667 0.447096875 0.4926520833333334 0.5249703125 0.5619895833333334 0.54714375 0.5141208333333334 0.4734953125 0.4447854166666667
9 0.5542703125 0.34905 0.5191625 0.3863583333333333 0.548728125 0.4328166666666667 0.5814609374999999 0.39656458333333333 0.5542703125 0.34905
7 0.48299843750000004 0.35256875 0.5101875 0.3955083333333333 0.5798765625 0.3205395833333334 0.5534796875 0.27619375 0.48299843750000004 0.35256875
8 0.43653906249999996 0.32018958333333336 0.4639921875 0.36770416666666667 0.5083390624999999 0.31878124999999996 0.48194218749999995 0.2709125 0.43653906249999996 0.32018958333333336