12 0.3921875 0.7125 0.3921875 0.7208333333333333 0.4828125 0.7479166666666667 0.49375 0.6854166666666667 0.4046875 0.6604166666666667 0.3921875 0.7125
7 0.390625 0.6291666666666667 0.390625 0.59375 0.384375 0.5770833333333333 0.2921875 0.5833333333333334 0.2921875 0.5958333333333333 0.29375 0.6395833333333333 0.36875 0.6375 0.3859375 0.6354166666666666 0.390625 0.6291666666666667
3 0.4875 0.575 0.4328125 0.54375 0.4015625 0.5333333333333333 0.3875 0.5770833333333333 0.3875 0.5833333333333334 0.4015625 0.5958333333333333 0.471875 0.6270833333333333 0.4859375 0.5958333333333333 0.4875 0.575
1 0.496875 0.4395833333333333 0.4609375 0.4375 0.4546875 0.44166666666666665 0.4546875 0.45 0.453125 0.45208333333333334 0.4546875 0.5 0.5 0.4979166666666667 0.5015625 0.45208333333333334 0.496875 0.4395833333333333
8 0.321875 0.3145833333333333 0.2984375 0.3416666666666667 0.2875 0.3645833333333333 0.2875 0.3729166666666667 0.31875 0.4083333333333333 0.325 0.4083333333333333 0.3578125 0.35 0.321875 0.3145833333333333
6 0.671875 0.48333333333333334 0.55 0.44583333333333336 0.5390625 0.45 0.5328125 0.49583333333333335 0.53125 0.4979166666666667 0.65625 0.5395833333333333 0.66875 0.5354166666666667 0.675 0.50625 0.671875 0.48333333333333334
5 0.63125 0.35833333333333334 0.59375 0.32916666666666666 0.5703125 0.37916666666666665 0.5703125 0.3854166666666667 0.6 0.41041666666666665 0.6109375 0.41041666666666665 0.621875 0.39166666666666666 0.63125 0.35833333333333334
10 0.6734375 0.55625 0.66875 0.55 0.5828125 0.5416666666666666 0.578125 0.5708333333333333 0.578125 0.58125 0.578125 0.6020833333333333 0.6671875 0.6125 0.671875 0.60625 0.6734375 0.55625
9 0.453125 0.37916666666666665 0.409375 0.3875 0.409375 0.4 0.415625 0.44583333333333336 0.4609375 0.4354166666666667 0.459375 0.3958333333333333 0.453125 0.37916666666666665
11 0.578125 0.39375 0.5296875 0.375 0.5203125 0.42916666666666664 0.51875 0.43125 0.5234375 0.4375 0.565625 0.45 0.5703125 0.44375 0.578125 0.39375
11 0.3328125 0.4979166666666667 0.3328125 0.5041666666666667 0.34375 0.55625 0.3953125 0.5375 0.384375 0.48333333333333334 0.3328125 0.4979166666666667
14 0.5453125 0.2791666666666667 0.4125 0.30625 0.4125 0.3145833333333333 0.4203125 0.3625 0.55625 0.33958333333333335 0.5515625 0.2916666666666667 0.5453125 0.2791666666666667
13 0.3953125 0.37916666666666665 0.35625 0.38125 0.3515625 0.3875 0.3515625 0.4 0.3578125 0.44166666666666665 0.403125 0.4354166666666667 0.4 0.3875 0.3953125 0.37916666666666665
4 0.5578125 0.6625 0.553125 0.6375 0.5390625 0.6208333333333333 0.5171875 0.6270833333333333 0.5078125 0.6541666666666667 0.5078125 0.6604166666666667 0.5109375 0.6770833333333334 0.5296875 0.6916666666666667 0.5484375 0.6854166666666667 0.5578125 0.6625