4 0.26677343750000004 0.3863375 0.2749890625 0.3983125 0.2816765625 0.39983958333333336 0.2935234375 0.39983958333333336 0.3059421875 0.3909229166666667 0.310146875 0.36264583333333333 0.3059421875 0.34736041666666667 0.29409687500000004 0.3369145833333333 0.2814859375 0.3336020833333333 0.2705953125 0.33971666666666667 0.2637171875 0.35296458333333336 0.26180625 0.3578041666666667 0.2623796875 0.374875 0.26677343750000004 0.3863375
12 0.299446875 0.5982979166666667 0.3099546875 0.5761333333333333 0.326196875 0.5450541666666666 0.338234375 0.5086229166666667 0.335940625 0.5053104166666667 0.30517812499999997 0.47626875 0.30059375 0.47677708333333335 0.2961984375 0.48365625 0.29524374999999997 0.4938458333333333 0.2906578125 0.5053104166666667 0.282440625 0.52441875 0.2736515625 0.543525 0.264671875 0.5570270833333333 0.2574109375 0.5677270833333333 0.2503421875 0.5819937500000001 0.285115625 0.6112916666666667 0.2935234375 0.6133291666666667 0.299446875 0.5982979166666667
7 0.33842500000000003 0.5233979166666667 0.2908484375 0.6270854166666666 0.32371249999999996 0.6520520833333333 0.37243593750000004 0.5516770833333333 0.33842500000000003 0.5233979166666667
6 0.3674671875 0.5705291666666666 0.3594421875 0.6255583333333333 0.49395625 0.6640270833333334 0.501025 0.6036479166666666 0.3674671875 0.5705291666666666
5 0.400521875 0.5111708333333334 0.392115625 0.5725666666666667 0.4331953125 0.5822479166666666 0.44408593749999997 0.5233979166666667 0.400521875 0.5111708333333334
13 0.5591109375000001 0.6293791666666666 0.5233796875000001 0.5975333333333332 0.49892343749999996 0.64491875 0.49854062499999996 0.6446645833333334 0.533315625 0.67701875 0.5591109375000001 0.6293791666666666
11 0.5178390625 0.67498125 0.5124890625 0.7427458333333333 0.5566265625 0.7516625 0.5638875 0.6841520833333333 0.5178390625 0.67498125
11 0.56255 0.6168958333333333 0.5537609375 0.676 0.5996171875 0.6854250000000001 0.6093609375 0.6270854166666666 0.56255 0.6168958333333333
1 0.5421046875 0.5537145833333333 0.54153125 0.6115458333333332 0.5864328125 0.613075 0.5870062500000001 0.5537145833333333 0.5421046875 0.5537145833333333
3 0.6009546875 0.6069604166666667 0.6009546875 0.6079791666666666 0.6267484375000001 0.65561875 0.7001203125 0.5837770833333333 0.6724140625 0.5366458333333333 0.6009546875 0.6069604166666667
9 0.5229984375 0.5218708333333333 0.48230000000000006 0.5417416666666667 0.499496875 0.5990625 0.5392390625 0.5789354166666667 0.5229984375 0.5218708333333333
14 0.405871875 0.38404583333333336 0.380078125 0.43092083333333336 0.49147187499999995 0.5338437500000001 0.5187953125 0.48747708333333334 0.405871875 0.38404583333333336
2 0.48382812499999994 0.34226458333333337 0.45478593749999996 0.3817520833333334 0.5516578125 0.5088770833333334 0.5799375 0.46735208333333333 0.48382812499999994 0.34226458333333337
10 0.5159281250000001 0.2938604166666667 0.4870765625 0.33844375 0.5537609375 0.4225145833333333 0.5824203125 0.37461875 0.5159281250000001 0.2938604166666667
8 0.6726062500000001 0.37640208333333336 0.6483390625000001 0.44773541666666666 0.6884640625 0.4724479166666667 0.7154046875 0.4018791666666666 0.6726062500000001 0.37640208333333336