6 0.4625 0.6625 0.45625 0.7104166666666667 0.45625 0.71875 0.5921875 0.7458333333333333 0.6 0.7270833333333333 0.6 0.6895833333333333 0.4625 0.6625
4 0.4484375 0.6208333333333333 0.4421875 0.6041666666666666 0.41875 0.5979166666666667 0.40625 0.60625 0.396875 0.625 0.396875 0.64375 0.40625 0.6604166666666667 0.425 0.6666666666666666 0.4421875 0.6520833333333333 0.4484375 0.6208333333333333
14 0.3109375 0.55625 0.3109375 0.5625 0.446875 0.5979166666666667 0.4546875 0.54375 0.31875 0.5083333333333333 0.3109375 0.55625
3 0.2640625 0.4375 0.2640625 0.44166666666666665 0.353125 0.4875 0.3703125 0.4354166666666667 0.28125 0.3875 0.2640625 0.4375
2 0.46875 0.3770833333333333 0.4671875 0.35625 0.428125 0.34375 0.3875 0.5104166666666666 0.3875 0.5145833333333333 0.425 0.53125 0.4328125 0.5291666666666667 0.4484375 0.4479166666666667 0.46875 0.3770833333333333
10 0.3921875 0.31666666666666665 0.303125 0.3458333333333333 0.303125 0.35 0.3125 0.39791666666666664 0.3171875 0.40208333333333335 0.403125 0.375 0.3921875 0.31666666666666665
9 0.4515625 0.27708333333333335 0.434375 0.3229166666666667 0.434375 0.3333333333333333 0.471875 0.35625 0.49375 0.3104166666666667 0.484375 0.29375 0.4515625 0.27708333333333335
5 0.4953125 0.45208333333333334 0.4546875 0.4395833333333333 0.4421875 0.49166666666666664 0.4421875 0.4979166666666667 0.4703125 0.5104166666666666 0.4859375 0.5104166666666666 0.496875 0.46458333333333335 0.4953125 0.45208333333333334
7 0.5328125 0.33958333333333335 0.4953125 0.31666666666666665 0.484375 0.35208333333333336 0.4734375 0.36875 0.459375 0.42291666666666666 0.459375 0.42916666666666664 0.4953125 0.45208333333333334 0.50625 0.4354166666666667 0.534375 0.35208333333333336 0.5328125 0.33958333333333335
13 0.459375 0.5145833333333333 0.4546875 0.5541666666666667 0.4546875 0.5708333333333333 0.496875 0.575 0.5015625 0.5666666666666667 0.5015625 0.51875 0.459375 0.5145833333333333
1 0.5703125 0.49166666666666664 0.5625 0.48541666666666666 0.525 0.5125 0.525 0.51875 0.5453125 0.5625 0.559375 0.5583333333333333 0.584375 0.5354166666666667 0.5703125 0.49166666666666664
11 0.559375 0.425 0.559375 0.43125 0.5828125 0.47708333333333336 0.628125 0.4395833333333333 0.6046875 0.3875 0.559375 0.425
11 0.6078125 0.4583333333333333 0.5703125 0.4875 0.5703125 0.49375 0.5875 0.5375 0.64375 0.5083333333333333 0.625 0.45208333333333334 0.6078125 0.4583333333333333
8 0.5546875 0.5625 0.5375 0.60625 0.5375 0.6125 0.5875 0.6458333333333334 0.6015625 0.6166666666666667 0.60625 0.5916666666666667 0.5546875 0.5625
12 0.6015625 0.6208333333333333 0.59375 0.6395833333333333 0.584375 0.6458333333333334 0.540625 0.61875 0.5359375 0.60625 0.546875 0.5770833333333333 0.5375 0.56875 0.528125 0.575 0.5109375 0.6166666666666667 0.5109375 0.61875 0.5875 0.68125 0.5984375 0.6729166666666667 0.6140625 0.6354166666666666 0.6015625 0.6208333333333333