12 0.6078125 0.2875 0.6078125 0.2791666666666667 0.5171875 0.2520833333333333 0.50625 0.3145833333333333 0.5953125 0.33958333333333335 0.6078125 0.2875
7 0.609375 0.37083333333333335 0.609375 0.40625 0.615625 0.42291666666666666 0.7078125 0.4166666666666667 0.7078125 0.4041666666666667 0.70625 0.36041666666666666 0.63125 0.3625 0.6140625 0.3645833333333333 0.609375 0.37083333333333335
3 0.5125 0.425 0.5671875 0.45625 0.5984375 0.4666666666666667 0.6125 0.42291666666666666 0.6125 0.4166666666666667 0.5984375 0.4041666666666667 0.528125 0.3729166666666667 0.5140625 0.4041666666666667 0.5125 0.425
1 0.503125 0.5604166666666667 0.5390625 0.5625 0.5453125 0.5583333333333333 0.5453125 0.55 0.546875 0.5479166666666667 0.5453125 0.5 0.5 0.5020833333333333 0.4984375 0.5479166666666667 0.503125 0.5604166666666667
8 0.678125 0.6854166666666667 0.7015625 0.6583333333333333 0.7125 0.6354166666666666 0.7125 0.6270833333333333 0.68125 0.5916666666666667 0.675 0.5916666666666667 0.6421875 0.65 0.678125 0.6854166666666667
6 0.328125 0.5166666666666667 0.45 0.5541666666666667 0.4609375 0.55 0.4671875 0.5041666666666667 0.46875 0.5020833333333333 0.34375 0.46041666666666664 0.33125 0.46458333333333335 0.325 0.49375 0.328125 0.5166666666666667
5 0.36875 0.6416666666666667 0.40625 0.6708333333333333 0.4296875 0.6208333333333333 0.4296875 0.6145833333333334 0.4 0.5895833333333333 0.3890625 0.5895833333333333 0.378125 0.6083333333333333 0.36875 0.6416666666666667
10 0.3265625 0.44375 0.33125 0.45 0.4171875 0.4583333333333333 0.421875 0.42916666666666664 0.421875 0.41875 0.421875 0.39791666666666664 0.3328125 0.3875 0.328125 0.39375 0.3265625 0.44375
9 0.546875 0.6208333333333333 0.590625 0.6125 0.590625 0.6 0.584375 0.5541666666666667 0.5390625 0.5645833333333333 0.540625 0.6041666666666666 0.546875 0.6208333333333333
11 0.421875 0.60625 0.4703125 0.625 0.4796875 0.5708333333333333 0.48125 0.56875 0.4765625 0.5625 0.434375 0.55 0.4296875 0.55625 0.421875 0.60625
11 0.6671875 0.5020833333333333 0.6671875 0.49583333333333335 0.65625 0.44375 0.6046875 0.4625 0.615625 0.5166666666666667 0.6671875 0.5020833333333333
14 0.4546875 0.7208333333333333 0.5875 0.69375 0.5875 0.6854166666666667 0.5796875 0.6375 0.44375 0.6604166666666667 0.4484375 0.7083333333333334 0.4546875 0.7208333333333333
13 0.6046875 0.6208333333333333 0.64375 0.61875 0.6484375 0.6125 0.6484375 0.6 0.6421875 0.5583333333333333 0.596875 0.5645833333333333 0.6 0.6125 0.6046875 0.6208333333333333
4 0.4421875 0.3375 0.446875 0.3625 0.4609375 0.37916666666666665 0.4828125 0.3729166666666667 0.4921875 0.3458333333333333 0.4921875 0.33958333333333335 0.4890625 0.3229166666666667 0.4703125 0.30833333333333335 0.4515625 0.3145833333333333 0.4421875 0.3375