10 0.437896875 0.28451875 0.4700125 0.3236354166666667 0.5293046875 0.233875 0.49749687500000006 0.19722916666666668 0.437896875 0.28451875
7 0.485453125 0.3100479166666667 0.513246875 0.3495770833333333 0.57315625 0.2635208333333333 0.5435109375 0.22522708333333333 0.485453125 0.3100479166666667
1 0.5447453125 0.3104604166666666 0.5737734375 0.34916458333333333 0.60558125 0.30675416666666666 0.57315625 0.2688729166666667 0.5447453125 0.3104604166666666
4 0.566671875 0.35410625 0.559259375 0.3644 0.5521578125 0.38581041666666666 0.5537015625 0.4002208333333333 0.568525 0.41298541666666666 0.587053125 0.4125729166666667 0.5941562499999999 0.40516250000000004 0.5997140625 0.39075208333333333 0.60095 0.3771625 0.5963171875 0.3644 0.5876703125 0.3553395833333333 0.5750093749999999 0.35122291666666666 0.566671875 0.35410625
13 0.5002765625000001 0.42780833333333335 0.547834375 0.43110208333333333 0.5484515625 0.37345833333333334 0.5039828125 0.37181041666666664 0.5002765625000001 0.42780833333333335
14 0.521584375 0.49410000000000004 0.6580796875 0.4813354166666667 0.657153125 0.42245625 0.520040625 0.4409854166666667 0.521584375 0.49410000000000004
15 0.52498125 0.5447458333333334 0.5364078125 0.5990958333333333 0.6256546875 0.56656875 0.6133015625 0.5130416666666666 0.5262171875 0.5472166666666667 0.52498125 0.5447458333333334
11 0.43110312500000003 0.6122729166666667 0.456734375 0.6637416666666667 0.5058359375 0.6188604166666667 0.479278125 0.5702750000000001 0.43110312500000003 0.6122729166666667
11 0.4487046875 0.4846291666666667 0.4937921875 0.49368958333333335 0.50089375 0.40886875 0.4561171875 0.4043395833333333 0.4487046875 0.4846291666666667
5 0.4524109375 0.5678041666666667 0.49162968749999997 0.5451583333333333 0.4700125 0.49080625 0.4332640625 0.5109812499999999 0.4524109375 0.5678041666666667
8 0.407015625 0.5081 0.448396875 0.5019229166666667 0.4416015625 0.4269854166666667 0.3974421875 0.43275 0.407015625 0.5081
3 0.369340625 0.28740208333333334 0.4382046875 0.3652229166666666 0.46445468749999996 0.3236354166666667 0.3955890625 0.24540416666666667 0.369340625 0.28740208333333334
9 0.45426406249999995 0.40063333333333334 0.49935 0.40351458333333334 0.504290625 0.33969375 0.4585875 0.33310625 0.45426406249999995 0.40063333333333334
6 0.319003125 0.3133416666666667 0.4233828125 0.42780833333333335 0.4524109375 0.38869166666666666 0.346796875 0.274225 0.319003125 0.3133416666666667
2 0.3715015625 0.5871562499999999 0.4159703125 0.5743916666666667 0.38508906249999997 0.3969270833333333 0.3427828125 0.40886875 0.3715015625 0.5871562499999999