1 0.534375 0.6520833333333333 0.5640625 0.6645833333333333 0.578125 0.63125 0.5796875 0.6125 0.546875 0.5895833333333333 0.5421875 0.5895833333333333 0.525 0.6395833333333333 0.534375 0.6520833333333333
3 0.4890625 0.6354166666666666 0.503125 0.64375 0.5296875 0.6145833333333334 0.53125 0.60625 0.484375 0.53125 0.4734375 0.5166666666666667 0.440625 0.55625 0.4890625 0.6354166666666666
2 0.5984375 0.38333333333333336 0.603125 0.39375 0.6453125 0.38125 0.625 0.2 0.615625 0.2 0.58125 0.2125 0.5984375 0.38333333333333336
8 0.6140625 0.6604166666666667 0.634375 0.6583333333333333 0.640625 0.6 0.5921875 0.5875 0.584375 0.5875 0.5796875 0.6479166666666667 0.6140625 0.6604166666666667
9 0.54375 0.5833333333333334 0.5515625 0.5770833333333333 0.571875 0.5354166666666667 0.540625 0.5041666666666667 0.534375 0.5041666666666667 0.5109375 0.5520833333333334 0.54375 0.5833333333333334
10 0.4875 0.3416666666666667 0.5015625 0.375 0.5796875 0.32916666666666666 0.58125 0.3145833333333333 0.5640625 0.2708333333333333 0.5578125 0.2708333333333333 0.4875 0.325 0.4875 0.3416666666666667
11 0.475 0.5 0.48125 0.4979166666666667 0.5 0.44166666666666665 0.4515625 0.41875 0.45 0.4166666666666667 0.4328125 0.4708333333333333 0.475 0.5
11 0.459375 0.7541666666666667 0.4859375 0.8041666666666667 0.5234375 0.7770833333333333 0.5015625 0.7229166666666667 0.4953125 0.7229166666666667 0.46875 0.7395833333333334 0.459375 0.7541666666666667
5 0.5140625 0.46041666666666664 0.521875 0.5 0.565625 0.4895833333333333 0.5625 0.44166666666666665 0.55625 0.42916666666666664 0.55 0.42916666666666664 0.515625 0.4375 0.5140625 0.46041666666666664
7 0.359375 0.4479166666666667 0.4109375 0.5333333333333333 0.4171875 0.5354166666666667 0.440625 0.5125 0.446875 0.49583333333333335 0.4015625 0.41875 0.390625 0.4083333333333333 0.3875 0.4083333333333333 0.359375 0.4395833333333333 0.359375 0.4479166666666667
6 0.4859375 0.7145833333333333 0.4984375 0.71875 0.521875 0.6770833333333334 0.4234375 0.5604166666666667 0.41875 0.5604166666666667 0.3921875 0.6041666666666666 0.4859375 0.7145833333333333
4 0.3890625 0.3645833333333333 0.3859375 0.3958333333333333 0.3984375 0.41458333333333336 0.4203125 0.42083333333333334 0.434375 0.4083333333333333 0.4359375 0.37916666666666665 0.4171875 0.35208333333333336 0.409375 0.35208333333333336 0.4015625 0.35208333333333336 0.3890625 0.3645833333333333
15 0.4421875 0.3104166666666667 0.4640625 0.34791666666666665 0.5359375 0.28125 0.5359375 0.2604166666666667 0.5140625 0.225 0.5125 0.22291666666666668 0.440625 0.29375 0.4421875 0.3104166666666667
14 0.578125 0.5291666666666667 0.60625 0.5229166666666667 0.6203125 0.5125 0.5875 0.33958333333333335 0.5796875 0.33958333333333335 0.5453125 0.3541666666666667 0.578125 0.5291666666666667
13 0.4 0.7104166666666667 0.4078125 0.7229166666666667 0.4359375 0.7395833333333334 0.44375 0.73125 0.459375 0.6875 0.4265625 0.6583333333333333 0.4234375 0.6583333333333333 0.415625 0.6666666666666666 0.4 0.7104166666666667