11 0.4140625 0.29375 0.4390625 0.29583333333333334 0.45 0.30416666666666664 0.465625 0.23541666666666666 0.4296875 0.21875 0.4234375 0.21875 0.4046875 0.28125 0.4140625 0.29375
11 0.4265625 0.39375 0.4546875 0.35 0.4265625 0.30833333333333335 0.4078125 0.29583333333333334 0.403125 0.29583333333333334 0.378125 0.3375 0.4265625 0.39375
2 0.3359375 0.5395833333333333 0.3484375 0.53125 0.4296875 0.40625 0.4125 0.37916666666666665 0.396875 0.36666666666666664 0.3953125 0.36666666666666664 0.30625 0.5020833333333333 0.3359375 0.5395833333333333
1 0.35625 0.5291666666666667 0.378125 0.5645833333333333 0.4140625 0.5354166666666667 0.4078125 0.5125 0.3890625 0.48541666666666666 0.3859375 0.48541666666666666 0.3546875 0.5166666666666667 0.35625 0.5291666666666667
9 0.45 0.45625 0.490625 0.4625 0.5 0.40625 0.459375 0.39166666666666666 0.4578125 0.39166666666666666 0.4484375 0.4354166666666667 0.45 0.45625
13 0.4703125 0.5395833333333333 0.509375 0.525 0.5015625 0.46458333333333335 0.4890625 0.46458333333333335 0.4578125 0.47708333333333336 0.4703125 0.5395833333333333
4 0.590625 0.49375 0.5921875 0.5208333333333334 0.6078125 0.5395833333333333 0.6296875 0.5354166666666667 0.640625 0.5166666666666667 0.640625 0.49375 0.6265625 0.475 0.61796875 0.475 0.6 0.48125 0.590625 0.49375
8 0.55 0.3854166666666667 0.5734375 0.41458333333333336 0.5890625 0.4083333333333333 0.6171875 0.3729166666666667 0.6140625 0.36041666666666666 0.590625 0.32708333333333334 0.5859375 0.32708333333333334 0.5484375 0.37083333333333335 0.55 0.3854166666666667
12 0.515625 0.3729166666666667 0.5578125 0.44583333333333336 0.5734375 0.4625 0.6015625 0.4354166666666667 0.60625 0.42083333333333334 0.6015625 0.41458333333333336 0.571875 0.4166666666666667 0.553125 0.4 0.5453125 0.36875 0.5546875 0.34375 0.5515625 0.32916666666666666 0.546875 0.32916666666666666 0.5171875 0.35833333333333334 0.515625 0.3729166666666667
5 0.46875 0.32083333333333336 0.4890625 0.3645833333333333 0.515625 0.3541666666666667 0.5296875 0.33958333333333335 0.5296875 0.32708333333333334 0.5109375 0.2791666666666667 0.50625 0.2791666666666667 0.46875 0.30625 0.46875 0.32083333333333336
10 0.4984375 0.4479166666666667 0.5484375 0.5354166666666667 0.5546875 0.5375 0.5875 0.5041666666666667 0.5703125 0.4666666666666667 0.534375 0.41041666666666665 0.5328125 0.4083333333333333 0.5 0.4375 0.4984375 0.4479166666666667
3 0.5171875 0.6041666666666666 0.60625 0.60625 0.60625 0.55 0.5375 0.5416666666666666 0.52734375 0.5416666666666666 0.515625 0.54375 0.5171875 0.6041666666666666
7 0.3890625 0.6604166666666667 0.4171875 0.6770833333333334 0.4265625 0.6729166666666667 0.4609375 0.5645833333333333 0.4265625 0.5416666666666666 0.41875 0.5416666666666666 0.3859375 0.6458333333333334 0.3890625 0.6604166666666667
6 0.41875 0.7041666666666667 0.421875 0.7208333333333333 0.4484375 0.7354166666666667 0.45625 0.7354166666666667 0.4640625 0.71875 0.5078125 0.5708333333333333 0.50625 0.5604166666666667 0.4828125 0.5458333333333333 0.471875 0.5458333333333333 0.4703125 0.54375 0.4265625 0.6666666666666666 0.41875 0.7041666666666667
14 0.5015625 0.6270833333333333 0.503125 0.6729166666666667 0.6390625 0.6729166666666667 0.64375 0.6520833333333333 0.6421875 0.6145833333333334 0.6078125 0.6104166666666667 0.59984375 0.6104166666666667 0.50625 0.6125 0.5015625 0.6270833333333333