14 0.7015687500000001 0.59146875 0.763603125 0.43413958333333336 0.7242703125000001 0.4063333333333333 0.6643484374999999 0.56929375 0.7015687500000001 0.59146875
1 0.6783390625 0.601675 0.6537890625 0.5583833333333333 0.619209375 0.5904125 0.64455 0.6361666666666667 0.6783390625 0.601675
2 0.718990625 0.628425 0.6923296875 0.5932270833333334 0.594659375 0.7220479166666667 0.6266 0.7604124999999999 0.718990625 0.628425
10 0.69919375 0.45948124999999995 0.633728125 0.38345625 0.6044265625 0.42780416666666665 0.6754359375 0.5048833333333334 0.69919375 0.45948124999999995
5 0.613665625 0.39190416666666666 0.6244875000000001 0.3310125 0.5830437500000001 0.31939791666666667 0.571165625 0.38134375 0.613665625 0.39190416666666666
6 0.641646875 0.5506395833333334 0.665140625 0.5034770833333334 0.5547984375 0.3982395833333333 0.5289296875 0.4446979166666667 0.641646875 0.5506395833333334
3 0.5817249999999999 0.5224833333333333 0.55955 0.4791916666666667 0.4864296875 0.547825 0.510715625 0.5911166666666666 0.5817249999999999 0.5224833333333333
11 0.49434843749999996 0.35107499999999997 0.5445046875 0.3809916666666667 0.5695812499999999 0.3260854166666666 0.5706375 0.3260854166666666 0.516259375 0.2986333333333333 0.49434843749999996 0.35107499999999997
11 0.470590625 0.48235833333333333 0.5012125000000001 0.45138541666666665 0.4948765625 0.4112604166666667 0.44472187500000004 0.42463541666666665 0.45950468750000006 0.4791916666666667 0.470590625 0.48235833333333333
4 0.5210109375 0.3683208333333334 0.5109796875 0.37113749999999995 0.5038515625 0.3806395833333333 0.49778124999999995 0.39471875 0.5001562500000001 0.41935625 0.5101875 0.43061875 0.5239140625 0.43202708333333334 0.5344734375 0.42463541666666665 0.5429203125 0.4087979166666667 0.5439765624999999 0.38627083333333334 0.536584375 0.37395208333333335 0.53156875 0.3669145833333333 0.5210109375 0.3683208333333334
15 0.54714375 0.4858791666666667 0.5249703125 0.4380104166666667 0.447096875 0.5073479166666667 0.4734953125 0.5552145833333333 0.54714375 0.4858791666666667
9 0.5814609374999999 0.6034354166666667 0.548728125 0.5671833333333333 0.5191625 0.6136416666666666 0.5542703125 0.65095 0.5814609374999999 0.6034354166666667
7 0.5534796875 0.7238062500000001 0.5798765625 0.6794604166666667 0.5101875 0.6044916666666666 0.48299843750000004 0.64743125 0.5534796875 0.7238062500000001
8 0.48194218749999995 0.7290875 0.5083390624999999 0.68121875 0.4639921875 0.6322958333333334 0.43653906249999996 0.6798104166666668 0.48194218749999995 0.7290875