5 0.63125 0.25416666666666665 0.6015625 0.26666666666666666 0.59375 0.2833333333333333 0.603125 0.32916666666666666 0.609375 0.3375 0.64375 0.32708333333333334 0.653125 0.3104166666666667 0.640625 0.25416666666666665 0.63125 0.25416666666666665
8 0.459375 0.375 0.453125 0.3770833333333333 0.4546875 0.4354166666666667 0.515625 0.4375 0.515625 0.3770833333333333 0.4671875 0.375 0.459375 0.375
2 0.503125 0.25416666666666665 0.3796875 0.29791666666666666 0.390625 0.3541666666666667 0.4 0.35833333333333334 0.4640625 0.33125 0.5203125 0.31666666666666665 0.521875 0.3 0.5109375 0.25416666666666665 0.503125 0.25416666666666665
1 0.3109375 0.47708333333333336 0.303125 0.49375 0.2984375 0.5291666666666667 0.334375 0.55 0.346875 0.5416666666666666 0.346875 0.5166666666666667 0.35625 0.5083333333333333 0.3578125 0.49583333333333335 0.321875 0.47708333333333336 0.3109375 0.47708333333333336
3 0.4625 0.5270833333333333 0.434375 0.55625 0.43125 0.5666666666666667 0.4875 0.6583333333333333 0.5125 0.6354166666666666 0.5203125 0.6166666666666667 0.465625 0.5270833333333333 0.4625 0.5270833333333333
11 0.5796875 0.575 0.5421875 0.5875 0.55 0.6479166666666667 0.56875 0.6458333333333334 0.596875 0.63125 0.5890625 0.575 0.5796875 0.575
11 0.6234375 0.35833333333333334 0.56875 0.37916666666666665 0.575 0.4354166666666667 0.621875 0.42916666666666664 0.6375 0.41875 0.6296875 0.35833333333333334 0.6234375 0.35833333333333334
4 0.6640625 0.475 0.64375 0.4875 0.6375 0.5 0.6390625 0.525 0.65625 0.5416666666666666 0.68125 0.5375 0.6921875 0.5166666666666667 0.6890625 0.4895833333333333 0.671875 0.475 0.6640625 0.475
13 0.5 0.6729166666666667 0.4609375 0.6916666666666667 0.46875 0.7395833333333334 0.475 0.7520833333333333 0.515625 0.7354166666666667 0.5140625 0.7104166666666667 0.503125 0.6729166666666667 0.5 0.6729166666666667
7 0.3515625 0.39375 0.271875 0.43333333333333335 0.2875 0.4895833333333333 0.3734375 0.45208333333333334 0.3578125 0.39375 0.3515625 0.39375
9 0.384375 0.5020833333333333 0.3484375 0.5166666666666667 0.35 0.5458333333333333 0.3578125 0.5708333333333333 0.378125 0.5708333333333333 0.4015625 0.5604166666666667 0.3984375 0.5145833333333333 0.3890625 0.5020833333333333 0.384375 0.5020833333333333
10 0.475 0.17083333333333334 0.4703125 0.18333333333333332 0.471875 0.23333333333333334 0.5609375 0.24166666666666667 0.5640625 0.17916666666666667 0.4875 0.17083333333333334 0.475 0.17083333333333334