8 0.3984375 0.15 0.4046875 0.18958333333333333 0.4140625 0.2125 0.4203125 0.2125 0.4234375 0.2 0.4390625 0.18958333333333333 0.465625 0.18333333333333332 0.4515625 0.12916666666666668 0.44140625 0.12916666666666668 0.4140625 0.13541666666666666 0.3984375 0.15
5 0.3796875 0.29583333333333334 0.4171875 0.30416666666666664 0.4265625 0.26666666666666666 0.4265625 0.23541666666666666 0.3890625 0.22291666666666668 0.38125 0.22291666666666668 0.371875 0.2833333333333333 0.3796875 0.29583333333333334
2 0.4875 0.4166666666666667 0.525 0.575 0.5359375 0.58125 0.5671875 0.5666666666666667 0.56875 0.5541666666666667 0.528125 0.3958333333333333 0.515625 0.3958333333333333 0.4890625 0.40625 0.4875 0.4166666666666667
1 0.5890625 0.7041666666666667 0.6125 0.7395833333333334 0.6234375 0.7354166666666667 0.646875 0.70625 0.6421875 0.6895833333333333 0.61875 0.6583333333333333 0.6140625 0.6583333333333333 0.5859375 0.6895833333333333 0.5890625 0.7041666666666667
3 0.45 0.31666666666666665 0.4890625 0.30416666666666664 0.4640625 0.18541666666666667 0.45625 0.18541666666666667 0.425 0.2 0.45 0.31666666666666665
11 0.4890625 0.2833333333333333 0.53125 0.2708333333333333 0.51875 0.18541666666666667 0.509375 0.18541666666666667 0.475 0.19583333333333333 0.4890625 0.2833333333333333
11 0.38125 0.6020833333333333 0.425 0.5854166666666667 0.4109375 0.5104166666666666 0.4078125 0.5104166666666666 0.36875 0.5291666666666667 0.38125 0.6020833333333333
9 0.41875 0.4354166666666667 0.4625 0.4395833333333333 0.465625 0.3875 0.4609375 0.38125 0.4234375 0.38125 0.41875 0.375 0.41875 0.4354166666666667
10 0.41875 0.37916666666666665 0.50625 0.37916666666666665 0.509375 0.34791666666666665 0.5046875 0.31875 0.434375 0.31875 0.4203125 0.31875 0.415625 0.3333333333333333 0.41875 0.37916666666666665
12 0.396875 0.47708333333333336 0.409375 0.42083333333333334 0.4140625 0.35625 0.378125 0.34375 0.371875 0.34375 0.3546875 0.46458333333333335 0.396875 0.47708333333333336
14 0.4453125 0.6729166666666667 0.4796875 0.6645833333333333 0.4875 0.65625 0.45625 0.48333333333333334 0.446875 0.48333333333333334 0.4140625 0.49583333333333335 0.4453125 0.6729166666666667
4 0.5109375 0.36875 0.5265625 0.3875 0.5453125 0.38125 0.559375 0.35 0.55625 0.32916666666666666 0.540625 0.3125 0.5296875 0.3125 0.5109375 0.33125 0.5109375 0.36875
6 0.5359375 0.4125 0.60625 0.5208333333333334 0.6203125 0.5395833333333333 0.6265625 0.5395833333333333 0.6484375 0.5166666666666667 0.65625 0.4979166666666667 0.5671875 0.36875 0.5640625 0.36875 0.534375 0.40208333333333335 0.5359375 0.4125
7 0.5265625 0.69375 0.5375 0.6916666666666667 0.6046875 0.6333333333333333 0.5828125 0.5833333333333334 0.578125 0.5833333333333334 0.50625 0.6458333333333334 0.5265625 0.69375
13 0.621875 0.40625 0.6296875 0.45 0.6359375 0.46041666666666664 0.6796875 0.4395833333333333 0.6703125 0.38333333333333336 0.6640625 0.38333333333333336 0.6265625 0.39791666666666664 0.621875 0.40625