3 0.5953125 0.46041666666666664 0.5671875 0.46875 0.575 0.5479166666666667 0.615625 0.54375 0.61875 0.5375 0.6125 0.4625 0.603125 0.46041666666666664 0.5953125 0.46041666666666664
1 0.3921875 0.5583333333333333 0.3875 0.6166666666666667 0.4265625 0.625 0.434375 0.5666666666666667 0.39375 0.55625 0.3921875 0.5583333333333333
2 0.4984375 0.47291666666666665 0.475 0.6520833333333333 0.5171875 0.6625 0.540625 0.48125 0.50625 0.47291666666666665 0.4984375 0.47291666666666665
3 0.61875 0.3229166666666667 0.5484375 0.39166666666666666 0.5484375 0.4 0.5703125 0.4375 0.575 0.4395833333333333 0.6 0.41875 0.646875 0.36875 0.6203125 0.32083333333333336 0.61875 0.3229166666666667
9 0.5453125 0.19791666666666666 0.5171875 0.23125 0.515625 0.23958333333333334 0.5203125 0.25625 0.5421875 0.2875 0.56875 0.26458333333333334 0.5765625 0.24375 0.575 0.23333333333333334 0.55 0.19791666666666666 0.5453125 0.19791666666666666
10 0.478125 0.29791666666666666 0.4390625 0.3104166666666667 0.45625 0.42916666666666664 0.4984375 0.4166666666666667 0.4859375 0.30833333333333335 0.4796875 0.29583333333333334 0.478125 0.29791666666666666
11 0.4 0.48541666666666666 0.39375 0.5541666666666667 0.4359375 0.5645833333333333 0.4421875 0.4979166666666667 0.4015625 0.48541666666666666 0.4 0.48541666666666666
11 0.4375 0.58125 0.4296875 0.65 0.4703125 0.6604166666666667 0.48125 0.5916666666666667 0.4453125 0.58125 0.4375 0.58125
5 0.45625 0.4791666666666667 0.44375 0.49166666666666664 0.44375 0.5395833333333333 0.484375 0.55 0.49375 0.4895833333333333 0.4578125 0.4791666666666667 0.45625 0.4791666666666667
7 0.41875 0.3645833333333333 0.3859375 0.39166666666666666 0.3859375 0.4 0.4328125 0.4875 0.440625 0.49166666666666664 0.4671875 0.4708333333333333 0.4703125 0.4583333333333333 0.4203125 0.3625 0.41875 0.3645833333333333
6 0.49375 0.21458333333333332 0.4625 0.24375 0.4609375 0.25416666666666665 0.5359375 0.3875 0.5453125 0.39375 0.575 0.3645833333333333 0.5765625 0.35625 0.4953125 0.21458333333333332 0.49375 0.21458333333333332
13 0.503125 0.39375 0.4984375 0.41041666666666665 0.4984375 0.45416666666666666 0.5421875 0.4583333333333333 0.546875 0.4 0.5109375 0.39375 0.503125 0.39375
14 0.3546875 0.4625 0.340625 0.6416666666666667 0.38125 0.65 0.3859375 0.6395833333333333 0.3859375 0.5854166666666667 0.3984375 0.47291666666666665 0.39375 0.4666666666666667 0.3625 0.4625 0.3546875 0.4625
4 0.36875 0.29791666666666666 0.3546875 0.3145833333333333 0.353125 0.33958333333333335 0.3703125 0.36666666666666664 0.3828125 0.37083333333333335 0.4046875 0.35208333333333336 0.4046875 0.33541666666666664 0.390625 0.3020833333333333 0.3765625 0.29791666666666666 0.36875 0.29791666666666666