7 0.5708031250000001 0.29965625 0.63915625 0.37600208333333335 0.6656375 0.33544375 0.5980000000000001 0.2571895833333333 0.5708031250000001 0.29965625
14 0.457 0.24621458333333335 0.553625 0.37218541666666666 0.584759375 0.3292395833333333 0.488134375 0.20565625 0.457 0.24621458333333335
10 0.43123281249999995 0.3068145833333333 0.49887031249999997 0.3869770833333333 0.5278578125 0.34403124999999996 0.4602203125 0.2676875 0.43123281249999995 0.3068145833333333
9 0.5758125 0.3865 0.609453125 0.42133125 0.6355765625 0.37600208333333335 0.6008640625 0.3397375 0.5758125 0.3865
5 0.3503546875 0.31444791666666666 0.392940625 0.33305833333333335 0.40832968750000004 0.27007291666666666 0.3635953125 0.25193958333333333 0.3503546875 0.31444791666666666
11 0.367384375 0.40709375 0.418271875 0.41925208333333336 0.42974218750000004 0.3549333333333333 0.3779734375 0.3482645833333333 0.367384375 0.40709375
11 0.47651093749999995 0.43650833333333333 0.4856296875 0.38473958333333336 0.43121406249999994 0.35650208333333333 0.42150625 0.418075 0.47651093749999995 0.43650833333333333
12 0.5035734374999999 0.45141041666666665 0.5947578124999999 0.47690416666666663 0.6024046875 0.41768333333333335 0.5115140625000001 0.39650416666666666 0.5035734374999999 0.45141041666666665
1 0.5982875 0.4592541666666667 0.6279953125 0.498475 0.6591750000000001 0.460825 0.6288781250000001 0.4208208333333333 0.5982875 0.4592541666666667
8 0.5744609374999999 0.5651458333333333 0.6168171874999999 0.5514208333333334 0.6003453125 0.48200208333333333 0.5615187500000001 0.48984583333333337 0.5744609374999999 0.5651458333333333
4 0.507846875 0.5227499999999999 0.499353125 0.5287104166666666 0.4939890625 0.5358625 0.4910828125 0.5486770833333333 0.4935421875 0.5606000000000001 0.500471875 0.57460625 0.5145531250000001 0.5814625 0.5286359375 0.5772895833333334 0.5357875 0.5647708333333333 0.53869375 0.55016875 0.5366828124999999 0.5379479166666666 0.5322125 0.5260270833333334 0.51790625 0.518875 0.507846875 0.5227499999999999
3 0.551434375 0.5701354166666667 0.5621640625000001 0.6246770833333334 0.6493390625 0.5987479166666667 0.6383859375000001 0.5433125000000001 0.5512109374999999 0.5698375 0.551434375 0.5701354166666667
13 0.5923406250000001 0.6842833333333334 0.6392796875 0.6720645833333333 0.6289984375000001 0.61066875 0.5845171875 0.6237833333333334 0.5923406250000001 0.6842833333333334