1 0.475 0.36875 0.48125 0.38958333333333334 0.5203125 0.3770833333333333 0.51875 0.33541666666666664 0.5125 0.31666666666666665 0.4984375 0.31666666666666665 0.4734375 0.325 0.475 0.36875
3 0.4765625 0.3145833333333333 0.5125 0.3145833333333333 0.5171875 0.32083333333333336 0.55625 0.325 0.5640625 0.32083333333333336 0.56875 0.27708333333333335 0.565625 0.2604166666666667 0.496875 0.25416666666666665 0.4875 0.25416666666666665 0.4765625 0.25625 0.4765625 0.3145833333333333
2 0.5234375 0.38125 0.5296875 0.38958333333333334 0.653125 0.39166666666666666 0.6609375 0.3854166666666667 0.6609375 0.32916666666666666 0.653125 0.32916666666666666 0.528125 0.32916666666666666 0.5234375 0.38125
11 0.3734375 0.5354166666666667 0.4171875 0.5416666666666666 0.4234375 0.45208333333333334 0.384375 0.44583333333333336 0.3828125 0.44583333333333336 0.371875 0.49375 0.3734375 0.5354166666666667
11 0.534375 0.5541666666666667 0.55625 0.55 0.575 0.5354166666666667 0.5640625 0.49375 0.5421875 0.44583333333333336 0.5390625 0.44583333333333336 0.503125 0.47291666666666665 0.534375 0.5541666666666667
9 0.4546875 0.5291666666666667 0.4765625 0.55625 0.509375 0.5208333333333334 0.5046875 0.5041666666666667 0.4828125 0.475 0.48125 0.47291666666666665 0.4484375 0.5125 0.4546875 0.5291666666666667
10 0.584375 0.525 0.5875 0.5791666666666667 0.590625 0.5875 0.6265625 0.5833333333333334 0.6328125 0.4625 0.5921875 0.4583333333333333 0.590625 0.4583333333333333 0.5859375 0.46458333333333335 0.584375 0.525
8 0.3984375 0.6645833333333333 0.440625 0.64375 0.4265625 0.5895833333333333 0.4171875 0.575 0.4140625 0.575 0.3796875 0.5958333333333333 0.3984375 0.6645833333333333
6 0.434375 0.44166666666666665 0.459375 0.44166666666666665 0.478125 0.43333333333333335 0.4625 0.2520833333333333 0.453125 0.2520833333333333 0.421875 0.25833333333333336 0.434375 0.44166666666666665
7 0.5328125 0.19791666666666666 0.578125 0.28541666666666665 0.5859375 0.28958333333333336 0.615625 0.26458333333333334 0.6203125 0.2520833333333333 0.56875 0.15416666666666667 0.565625 0.15416666666666667 0.5375 0.18125 0.5328125 0.19791666666666666
15 0.4953125 0.6208333333333333 0.50625 0.6270833333333333 0.5875 0.60625 0.5875 0.5833333333333334 0.5796875 0.55 0.56875 0.55 0.4921875 0.5666666666666667 0.4953125 0.6208333333333333
13 0.3765625 0.37083333333333335 0.3875 0.3875 0.4234375 0.37083333333333335 0.421875 0.34791666666666665 0.4078125 0.30833333333333335 0.4 0.30833333333333335 0.3671875 0.32708333333333334 0.3765625 0.37083333333333335
14 0.3921875 0.7520833333333333 0.421875 0.7833333333333333 0.5140625 0.6541666666666667 0.5140625 0.6458333333333334 0.4875 0.6125 0.48125 0.6125 0.390625 0.7416666666666667 0.3921875 0.7520833333333333
4 0.575 0.70625 0.5875 0.73125 0.6078125 0.7375 0.6234375 0.725 0.628125 0.7041666666666667 0.6234375 0.6854166666666667 0.6015625 0.6645833333333333 0.590625 0.6645833333333333 0.5765625 0.6791666666666667 0.575 0.70625
5 0.4421875 0.6041666666666666 0.45 0.6020833333333333 0.4765625 0.5604166666666667 0.446875 0.51875 0.4421875 0.51875 0.4125 0.5625 0.4421875 0.6041666666666666