8 0.35 0.43125 0.3796875 0.4354166666666667 0.409375 0.42916666666666664 0.409375 0.3770833333333333 0.390625 0.37083333333333335 0.353125 0.3729166666666667 0.35 0.4204166666666667 0.35 0.43125
11 0.434375 0.48333333333333334 0.4578125 0.5145833333333333 0.4703125 0.5208333333333334 0.4890625 0.49583333333333335 0.503125 0.46041666666666664 0.4703125 0.42916666666666664 0.4328125 0.48125 0.434375 0.48333333333333334
11 0.615625 0.4625 0.65 0.48541666666666666 0.6765625 0.4375 0.6796875 0.42291666666666666 0.6375 0.3958333333333333 0.6203125 0.43333333333333335 0.6140625 0.46041666666666664 0.615625 0.4625
9 0.446875 0.6479166666666667 0.478125 0.6708333333333333 0.4859375 0.6708333333333333 0.50625 0.6208333333333333 0.4953125 0.60625 0.4671875 0.59375 0.446875 0.6416666666666667 0.446875 0.6479166666666667
13 0.4875 0.5083333333333333 0.5125 0.5333333333333333 0.525 0.5375 0.5453125 0.4979166666666667 0.5453125 0.4875 0.515625 0.46041666666666664 0.5078125 0.46041666666666664 0.4875 0.5020833333333333 0.4875 0.5083333333333333
5 0.34375 0.5375 0.3578125 0.58125 0.39375 0.5708333333333333 0.4046875 0.5583333333333333 0.39375 0.5083333333333333 0.3625 0.5125 0.34375 0.525 0.34375 0.5375
1 0.396875 0.51875 0.4140625 0.5625 0.425 0.5604166666666667 0.4546875 0.5375 0.4453125 0.5020833333333333 0.434375 0.4875 0.396875 0.5125 0.396875 0.51875
3 0.31875 0.6520833333333333 0.346875 0.69375 0.415625 0.625 0.41875 0.6145833333333334 0.3984375 0.575 0.390625 0.575 0.31875 0.6458333333333334 0.31875 0.6520833333333333
6 0.509375 0.58125 0.5796875 0.73125 0.615625 0.7020833333333333 0.615625 0.6895833333333333 0.55 0.55 0.5421875 0.5458333333333333 0.509375 0.5729166666666666 0.509375 0.58125
10 0.4109375 0.33125 0.5 0.3416666666666667 0.50625 0.32916666666666666 0.509375 0.2875 0.503125 0.2791666666666667 0.4140625 0.27291666666666664 0.4109375 0.31875 0.4109375 0.33125
14 0.61875 0.58125 0.653125 0.6083333333333333 0.6578125 0.60625 0.71875 0.45625 0.715625 0.44166666666666665 0.68125 0.425 0.6515625 0.4875 0.6171875 0.5791666666666667 0.61875 0.58125
4 0.5671875 0.45 0.578125 0.4708333333333333 0.596875 0.475 0.6140625 0.46041666666666664 0.6171875 0.43125 0.603125 0.4125 0.5859375 0.41041666666666665 0.5734375 0.42083333333333334 0.5671875 0.44166666666666665 0.5671875 0.45
7 0.5546875 0.49583333333333335 0.5734375 0.6 0.5828125 0.6041666666666666 0.6140625 0.59375 0.615625 0.5645833333333333 0.6015625 0.4791666666666667 0.5828125 0.47708333333333336 0.5546875 0.4895833333333333 0.5546875 0.49583333333333335
15 0.3109375 0.4708333333333333 0.3234375 0.51875 0.4171875 0.4875 0.4109375 0.44166666666666665 0.403125 0.43125 0.3109375 0.46041666666666664 0.3109375 0.4708333333333333