12 0.5484375 0.46041666666666664 0.53125 0.42291666666666666 0.5234375 0.4166666666666667 0.4515625 0.4791666666666667 0.4484375 0.4875 0.4609375 0.5166666666666667 0.4765625 0.53125 0.48125 0.525 0.478125 0.49375 0.490625 0.4666666666666667 0.5015625 0.4583333333333333 0.5171875 0.4583333333333333 0.5390625 0.475 0.55 0.4625 0.5484375 0.46041666666666664
14 0.6453125 0.5708333333333333 0.5328125 0.48125 0.5234375 0.4875 0.5078125 0.5229166666666667 0.5078125 0.53125 0.51875 0.5416666666666666 0.61875 0.61875 0.628125 0.6166666666666667 0.6453125 0.5770833333333333 0.6453125 0.5708333333333333
13 0.6 0.26666666666666666 0.5953125 0.24583333333333332 0.553125 0.25 0.5546875 0.3145833333333333 0.596875 0.3104166666666667 0.6 0.27986041666666667 0.6 0.26666666666666666
7 0.6890625 0.68125 0.609375 0.6270833333333333 0.6046875 0.6291666666666667 0.5890625 0.675 0.5921875 0.6854166666666667 0.6703125 0.73125 0.6765625 0.7291666666666666 0.675 0.7229166666666667 0.6890625 0.6875 0.6890625 0.68125
11 0.7265625 0.5125 0.709375 0.4666666666666667 0.665625 0.48541666666666666 0.6828125 0.5666666666666667 0.7265625 0.5541666666666667 0.7265625 0.5229166666666667 0.7265625 0.5125
11 0.58125 0.59375 0.5203125 0.54375 0.5125 0.5520833333333334 0.496875 0.5916666666666667 0.5546875 0.6416666666666667 0.5640625 0.6375 0.58125 0.6 0.58125 0.59375
8 0.5015625 0.6270833333333333 0.4890625 0.5645833333333333 0.4453125 0.5770833333333333 0.446875 0.5979166666666667 0.4421875 0.6125 0.4515625 0.6270833333333333 0.4578125 0.6541666666666667 0.5015625 0.6416666666666667 0.5015625 0.6270833333333333
3 0.684375 0.38125 0.6671875 0.3375 0.659375 0.3333333333333333 0.5796875 0.38958333333333334 0.5875 0.42291666666666666 0.603125 0.44166666666666665 0.684375 0.3854166666666667 0.684375 0.38125
5 0.5015625 0.3645833333333333 0.4875 0.3145833333333333 0.475 0.3145833333333333 0.4390625 0.3416666666666667 0.453125 0.39166666666666666 0.4609375 0.39791666666666664 0.5015625 0.375 0.5015625 0.3645833333333333
4 0.41875 0.38333333333333336 0.4046875 0.3625 0.384375 0.3625 0.3703125 0.38333333333333336 0.3703125 0.40208333333333335 0.3828125 0.42291666666666666 0.4 0.42916666666666664 0.415625 0.41875 0.41875 0.396875 0.41875 0.38333333333333336
10 0.4046875 0.45416666666666666 0.35 0.3770833333333333 0.3171875 0.41458333333333336 0.3171875 0.42083333333333334 0.3765625 0.5020833333333333 0.3859375 0.4979166666666667 0.4109375 0.4625 0.4046875 0.45416666666666666