10 0.30040625 0.4609270833333333 0.272921875 0.5033375 0.3383890625 0.5828041666666667 0.3677265625 0.5399833333333334 0.30040625 0.4609270833333333
7 0.322640625 0.40245833333333336 0.2939203125 0.44198541666666663 0.3575359375 0.5193958333333334 0.3871828125 0.4823375 0.322640625 0.40245833333333336
1 0.355065625 0.359225 0.3266546875 0.40245833333333336 0.35784531249999996 0.44033958333333334 0.3868734375 0.40163541666666663 0.355065625 0.359225
4 0.41435781250000003 0.43045625 0.425165625 0.42839791666666666 0.4347390625 0.40863333333333335 0.43442968750000005 0.38392916666666665 0.428871875 0.37445833333333334 0.41806406249999994 0.36704791666666664 0.407871875 0.3654 0.3983 0.37157708333333334 0.3915046875 0.38310625 0.3884171875 0.3999875 0.3905796875 0.4111041666666667 0.3983 0.4209875 0.41435781250000003 0.43045625
13 0.40509375 0.4353979166666667 0.40385781249999997 0.4946895833333333 0.44585625 0.49963125 0.44832656249999997 0.43622083333333334 0.40509375 0.4353979166666667
14 0.4418421875 0.2904625 0.4557390625 0.4732791666666667 0.495575 0.47122083333333337 0.4860015625 0.28922708333333336 0.4418421875 0.2904625
15 0.5499265624999999 0.33246041666666665 0.50978125 0.34893124999999997 0.5354125 0.46504375000000003 0.5335593750000001 0.46669166666666667 0.574321875 0.45145625 0.5499265624999999 0.33246041666666665
11 0.5891453125 0.49221875 0.5527062500000001 0.5276291666666667 0.5842046875 0.5918625 0.62280625 0.5576875 0.5891453125 0.49221875
11 0.43165156250000003 0.49880833333333335 0.42825468750000006 0.5585104166666667 0.488471875 0.56839375 0.4952671875 0.5082770833333333 0.43165156250000003 0.49880833333333335
5 0.49310468749999997 0.5399833333333334 0.5082359375000001 0.58898125 0.5508531249999999 0.5634520833333333 0.53386875 0.5111604166666667 0.49310468749999997 0.5399833333333334
8 0.44523906249999995 0.5778645833333333 0.44956250000000003 0.63674375 0.5060749999999999 0.6239791666666666 0.5014421875 0.5688041666666667 0.44523906249999995 0.5778645833333333
3 0.3677265625 0.54739375 0.30905312500000004 0.6392145833333333 0.3405515625 0.6742125 0.3989171875 0.5823937499999999 0.3677265625 0.54739375
9 0.3797703125 0.49427916666666666 0.3748296875 0.5552166666666667 0.42547499999999994 0.56098125 0.4276359375 0.5008666666666667 0.3797703125 0.49427916666666666
6 0.41651875 0.5634520833333333 0.33066874999999996 0.7042708333333334 0.36000624999999997 0.7413291666666667 0.44585625 0.6021562500000001 0.41651875 0.5634520833333333
2 0.4226953125 0.6532145833333334 0.43165156250000003 0.7096229166666668 0.5653671874999999 0.6713312499999999 0.5557937500000001 0.6120395833333333 0.4226953125 0.6532145833333334