4 0.6109375 0.35208333333333336 0.6125 0.37916666666666665 0.6265625 0.39375 0.6390625 0.39375 0.6609375 0.37083333333333335 0.6625 0.33958333333333335 0.646875 0.32083333333333336 0.634375 0.32083333333333336 0.6265625 0.325 0.6109375 0.35208333333333336
1 0.540625 0.5520833333333334 0.578125 0.5729166666666666 0.59375 0.5354166666666667 0.5953125 0.51875 0.5609375 0.4979166666666667 0.559375 0.4979166666666667 0.5453125 0.525 0.540625 0.5520833333333334
2 0.359375 0.36666666666666664 0.365625 0.3770833333333333 0.371875 0.3770833333333333 0.403125 0.36041666666666666 0.4046875 0.35 0.35625 0.18541666666666667 0.35 0.18541666666666667 0.3140625 0.20833333333333334 0.359375 0.36666666666666664
3 0.3453125 0.4708333333333333 0.3546875 0.475 0.3859375 0.44166666666666665 0.33125 0.34375 0.3296875 0.34375 0.2953125 0.37916666666666665 0.3453125 0.4708333333333333
5 0.484375 0.74375 0.528125 0.7395833333333334 0.5296875 0.6979166666666666 0.525 0.675 0.516875 0.675 0.48125 0.6791666666666667 0.484375 0.74375
7 0.403125 0.28541666666666665 0.4703125 0.3333333333333333 0.48125 0.33125 0.5 0.28125 0.4234375 0.22291666666666668 0.41875 0.22291666666666668 0.4 0.26666666666666666 0.403125 0.28541666666666665
6 0.490625 0.6583333333333333 0.4984375 0.6625 0.525 0.6354166666666666 0.528125 0.6229166666666667 0.4453125 0.4875 0.4421875 0.4875 0.4125 0.5229166666666667 0.490625 0.6583333333333333
13 0.515625 0.5541666666666667 0.546875 0.5166666666666667 0.546875 0.5083333333333333 0.51875 0.47291666666666665 0.515625 0.47291666666666665 0.4859375 0.5104166666666666 0.515625 0.5541666666666667
14 0.53125 0.7041666666666667 0.5484375 0.7458333333333333 0.565625 0.7395833333333334 0.6671875 0.66875 0.6703125 0.65625 0.6515625 0.6125 0.6453125 0.6125 0.53125 0.6895833333333333 0.53125 0.7041666666666667
15 0.4859375 0.475 0.4921875 0.4708333333333333 0.5 0.45 0.5265625 0.3625 0.49375 0.3375 0.484375 0.3375 0.4515625 0.45 0.4859375 0.475
9 0.553125 0.49583333333333335 0.596875 0.48541666666666666 0.590625 0.43125 0.5796875 0.43125 0.5453125 0.44166666666666665 0.553125 0.49583333333333335
10 0.5578125 0.32083333333333336 0.59375 0.3145833333333333 0.6015625 0.30625 0.5890625 0.18541666666666667 0.5828125 0.18541666666666667 0.546875 0.19375 0.5578125 0.32083333333333336
11 0.5328125 0.4375 0.5421875 0.44166666666666665 0.60625 0.425 0.603125 0.3729166666666667 0.6015625 0.36666666666666664 0.5921875 0.3645833333333333 0.590625 0.3645833333333333 0.528125 0.38125 0.5328125 0.4375
11 0.3578125 0.5833333333333334 0.365625 0.5833333333333334 0.4171875 0.5479166666666667 0.4 0.49375 0.396875 0.49375 0.340625 0.5291666666666667 0.3578125 0.5833333333333334
8 0.3953125 0.5958333333333333 0.41875 0.6375 0.43125 0.6479166666666667 0.4625 0.6145833333333334 0.428125 0.55625 0.4265625 0.5541666666666667 0.4 0.58125 0.3953125 0.5958333333333333