11 0.42489218749999996 0.23316875 0.48288281250000004 0.23828333333333335 0.487621875 0.15584583333333332 0.42985625 0.17088958333333334 0.42489218749999996 0.23316875
9 0.5293671875 0.24249375 0.5733671874999999 0.24520208333333335 0.576075 0.17931458333333333 0.5320750000000001 0.17570416666666666 0.5293671875 0.24249375
8 0.4616734375 0.35531875 0.5219203125 0.35591875 0.5228234375 0.29695 0.463703125 0.2936416666666667 0.4616734375 0.35531875
12 0.4433953125 0.35170833333333335 0.45151874999999997 0.37697916666666664 0.5268843750000001 0.37728125 0.5372640625 0.35652083333333334 0.5377156249999999 0.29725208333333336 0.5264328125 0.29755208333333333 0.526659375 0.35291041666666667 0.5228234375 0.3610333333333333 0.5115406250000001 0.3622375 0.48671875 0.3631395833333333 0.4616734375 0.3589291666666667 0.45738593749999995 0.35140625000000003 0.459415625 0.29574791666666667 0.444071875 0.2954458333333333 0.4433953125 0.35170833333333335
7 0.6065375000000001 0.37697916666666664 0.6500874999999999 0.37637916666666665 0.6467031249999999 0.253325 0.6027015625 0.25482916666666666 0.6065375000000001 0.37697916666666664
5 0.3134234375 0.4684416666666667 0.361259375 0.48107916666666667 0.3700609375 0.41910000000000003 0.3229 0.4067645833333334 0.3134234375 0.4684416666666667
4 0.5345125000000001 0.5411520833333333 0.5270671874999999 0.5477708333333333 0.5225531250000001 0.5549916666666667 0.5205234375 0.566125 0.520296875 0.5799645833333333 0.5257125 0.5919979166666667 0.5378984375 0.59921875 0.5476 0.5977145833333334 0.557303125 0.5907958333333333 0.5638468750000001 0.5832729166666667 0.565878125 0.5691333333333334 0.5633953125 0.5534874999999999 0.557303125 0.5426562500000001 0.543990625 0.5351354166666666 0.5345125000000001 0.5411520833333333
13 0.47026874999999996 0.6314041666666667 0.5126906250000001 0.6073354166666667 0.495090625 0.5516749999999999 0.45402343749999996 0.5733374999999999 0.47026874999999996 0.6314041666666667
1 0.6158671874999999 0.56601875 0.6515203125 0.5386416666666667 0.6300828125 0.4911041666666666 0.5939796875 0.5166770833333333 0.6158671874999999 0.56601875
3 0.5886328125 0.7507083333333333 0.6637046875 0.6830145833333333 0.6394046875 0.63615 0.5647671875 0.7012395833333334 0.5886328125 0.7507083333333333
11 0.3688453125 0.4874541666666667 0.4180671875 0.49727083333333333 0.42503906249999995 0.43769583333333334 0.4022578125 0.43364583333333334 0.374053125 0.4304645833333333 0.3688453125 0.4874541666666667