14 0.5822921875 0.3513895833333333 0.6822921875 0.22777708333333332 0.6520828125 0.18194375 0.5510421875 0.30833333333333335 0.5822921875 0.3513895833333333
2 0.428125 0.13888958333333334 0.3979171875 0.17916666666666667 0.49583281250000005 0.31111041666666667 0.5229171874999999 0.2736104166666667 0.428125 0.13888958333333334
11 0.50625 0.16527708333333332 0.5135421874999999 0.1625 0.5197921875 0.22777708333333332 0.5541671874999999 0.23194375 0.5739578125 0.19861041666666665 0.5614578125 0.1375 0.5083328125000001 0.16388958333333334 0.50625 0.16527708333333332
10 0.36875 0.17777708333333334 0.3197921875 0.18472291666666668 0.3447921875 0.3097229166666667 0.384375 0.3 0.36875 0.17777708333333334
8 0.340625 0.41527708333333335 0.3489578125 0.4263895833333333 0.3875 0.41111041666666664 0.403125 0.3847229166666667 0.3833328125 0.3375 0.328125 0.36944375 0.340625 0.41527708333333335
4 0.415625 0.32638958333333334 0.42291718749999996 0.35277708333333335 0.43645781250000004 0.37361041666666667 0.45625 0.3652770833333333 0.4635421875 0.35555625 0.46458281250000005 0.33055625 0.45416718749999996 0.30694375 0.4322921875 0.29583333333333334 0.415625 0.32638958333333334
12 0.321875 0.5666666666666667 0.36875 0.59305625 0.40833281250000003 0.48472291666666667 0.3583328125 0.45416666666666666 0.321875 0.5666666666666667
5 0.4947921875 0.49305625000000003 0.540625 0.48194375 0.5302078125 0.42222291666666667 0.4875 0.43333333333333335 0.4947921875 0.49305625000000003
3 0.4375 0.5527770833333334 0.3552078125 0.6055562499999999 0.3739578125 0.6486104166666667 0.459375 0.6041666666666666 0.4375 0.5527770833333334
7 0.40833281250000003 0.6597229166666666 0.43645781250000004 0.7027770833333334 0.50625 0.6375 0.4875 0.5902770833333334 0.40833281250000003 0.6597229166666666
6 0.5447921874999999 0.45277708333333333 0.6791671874999999 0.41111041666666664 0.6708328125 0.35277708333333335 0.5416671875 0.39166666666666666 0.5447921874999999 0.45277708333333333
13 0.5364578125 0.5458333333333333 0.521875 0.59305625 0.5541671874999999 0.6263895833333333 0.5739578125 0.5736104166666667 0.5479171875 0.5541666666666667 0.5364578125 0.5458333333333333
11 0.58125 0.5333333333333333 0.6604171875 0.5583333333333333 0.671875 0.5027770833333334 0.59375 0.48194375 0.58125 0.5333333333333333
9 0.5927078125 0.7027770833333334 0.6364578125 0.7333333333333333 0.65625 0.675 0.6145828125 0.6486104166666667 0.5927078125 0.7027770833333334
1 0.49375 0.7361104166666668 0.540625 0.7402770833333334 0.5458328125 0.68055625 0.503125 0.6708333333333333 0.49375 0.7361104166666668