11 0.7296875 0.6 0.7234375 0.5583333333333333 0.6796875 0.55625 0.6734375 0.6541666666666667 0.7203125 0.6604166666666667 0.7296875 0.6104166666666667 0.7296875 0.6
11 0.4125 0.3645833333333333 0.40625 0.28541666666666665 0.3609375 0.2916666666666667 0.359375 0.33125 0.3671875 0.37916666666666665 0.3734375 0.38333333333333336 0.4125 0.375 0.4125 0.3645833333333333
10 0.3625 0.7 0.359375 0.6 0.3125 0.6020833333333333 0.315625 0.7229166666666667 0.3484375 0.725 0.3609375 0.7229166666666667 0.3625 0.7166666666666667 0.3625 0.7
7 0.4171875 0.42916666666666664 0.40625 0.37916666666666665 0.3953125 0.37916666666666665 0.3171875 0.4166666666666667 0.3296875 0.46875 0.41875 0.43125 0.4171875 0.42916666666666664
15 0.4546875 0.48333333333333334 0.3734375 0.45625 0.3640625 0.4583333333333333 0.3546875 0.5125 0.446875 0.5395833333333333 0.4546875 0.49583333333333335 0.4546875 0.48333333333333334
3 0.6359375 0.37083333333333335 0.596875 0.26875 0.55625 0.29583333333333334 0.5609375 0.32083333333333336 0.596875 0.4041666666666667 0.6359375 0.37916666666666665 0.6359375 0.37083333333333335
13 0.4671875 0.575 0.4375 0.5458333333333333 0.428125 0.54375 0.40625 0.5979166666666667 0.440625 0.6270833333333333 0.4671875 0.5770833333333333 0.4671875 0.575
1 0.515625 0.375 0.4796875 0.3458333333333333 0.4609375 0.3770833333333333 0.45625 0.3958333333333333 0.48125 0.42083333333333334 0.49375 0.425 0.515625 0.37916666666666665 0.515625 0.375
5 0.7046875 0.41875 0.68125 0.37083333333333335 0.6359375 0.4083333333333333 0.6375 0.42083333333333334 0.6609375 0.45625 0.70625 0.42083333333333334 0.7046875 0.41875
9 0.64375 0.5354166666666667 0.6296875 0.4875 0.5921875 0.5020833333333333 0.58125 0.5145833333333333 0.5953125 0.55625 0.6015625 0.5625 0.64375 0.54375 0.64375 0.5354166666666667
2 0.603125 0.425 0.5390625 0.2708333333333333 0.5 0.29791666666666666 0.5 0.3104166666666667 0.50625 0.3145833333333333 0.5640625 0.45625 0.603125 0.42916666666666664 0.603125 0.425
6 0.678125 0.5916666666666667 0.6671875 0.58125 0.540625 0.55 0.5328125 0.6020833333333333 0.56875 0.61875 0.671875 0.64375 0.678125 0.5979166666666667 0.678125 0.5916666666666667
14 0.6140625 0.6354166666666666 0.48125 0.59375 0.4765625 0.6 0.4703125 0.65 0.6046875 0.6895833333333333 0.6140625 0.6375 0.6140625 0.6354166666666666
4 0.525 0.6895833333333333 0.515625 0.66875 0.4921875 0.6645833333333333 0.478125 0.6854166666666667 0.4765625 0.7083333333333334 0.4859375 0.7291666666666666 0.5078125 0.7354166666666667 0.521875 0.7229166666666667 0.525 0.7020833333333333 0.525 0.6895833333333333
8 0.7109375 0.5166666666666667 0.6859375 0.475 0.675 0.4791666666666667 0.640625 0.5145833333333333 0.646875 0.54375 0.6640625 0.5666666666666667 0.7109375 0.5229166666666667 0.7109375 0.5166666666666667