11 0.4482234375 0.25845208333333336 0.5134624999999999 0.27785208333333333 0.527309375 0.22309583333333333 0.49539375 0.19868958333333334 0.4601921875 0.19775 0.4482234375 0.25845208333333336
6 0.5385734375 0.3623333333333333 0.5735390625 0.39174583333333335 0.6519203124999999 0.24218125 0.6171875 0.21214375 0.5385734375 0.3623333333333333
3 0.584803125 0.3779791666666667 0.6185968749999999 0.41177083333333336 0.673509375 0.31320833333333337 0.6399515625000001 0.28066875 0.584803125 0.3779791666666667
2 0.4005859375 0.45588958333333335 0.4378984375 0.42898125 0.37477187500000003 0.26689999999999997 0.3367546875 0.2938104166666667 0.4005859375 0.45588958333333335
14 0.4580796875 0.46934375 0.4965671875 0.43961875 0.43226718750000004 0.28004166666666663 0.394484375 0.30601249999999997 0.4580796875 0.46934375
5 0.5195640625 0.46684166666666665 0.5552343750000001 0.49750625 0.5819875 0.4455645833333334 0.540684375 0.41677708333333335 0.5195640625 0.46684166666666665
13 0.589028125 0.4874916666666667 0.634084375 0.46871875 0.6209421875000001 0.414275 0.5770593749999999 0.43148333333333333 0.589028125 0.4874916666666667
1 0.5984140625000001 0.5200333333333333 0.6352578125 0.5591458333333333 0.6622453125 0.5147145833333333 0.6246984375 0.4774791666666667 0.5984140625000001 0.5200333333333333
8 0.47333437500000003 0.4853020833333333 0.5019640625 0.5485083333333333 0.5390421875 0.5190958333333333 0.5104124999999999 0.45620208333333334 0.47333437500000003 0.4853020833333333
11 0.3848625 0.591375 0.4306234375 0.5894979166666666 0.43038906250000003 0.48999583333333335 0.38580156250000003 0.48874375000000003 0.3848625 0.591375
7 0.340509375 0.6092083333333334 0.3836890625 0.6101479166666667 0.3813421875 0.48874375000000003 0.340275 0.4893708333333333 0.340509375 0.6092083333333334
12 0.43273593750000006 0.5503854166666666 0.43907187499999994 0.5585208333333332 0.443765625 0.5700979166666666 0.44540781249999994 0.5888708333333333 0.44493906250000004 0.6020125000000001 0.43602187499999995 0.6145291666666667 0.4280421875 0.6226645833333334 0.417246875 0.6276708333333333 0.40527968750000004 0.6286083333333334 0.39823906249999996 0.6236020833333333 0.39072968750000003 0.6373708333333333 0.428746875 0.6658437500000001 0.47474218749999997 0.5597708333333333 0.4388375 0.5319229166666667 0.43038906250000003 0.5435020833333333 0.43273593750000006 0.5503854166666666
9 0.3914328125 0.710275 0.4299203125 0.73499375 0.4491625 0.6789854166666667 0.40950312499999997 0.6589604166666666 0.3914328125 0.710275
10 0.5144015625 0.6445666666666666 0.55969375 0.6639666666666667 0.5855078125000001 0.5481937499999999 0.5409203125000001 0.5334875 0.5144015625 0.6445666666666666
4 0.5831609375 0.6642791666666666 0.5740078125 0.67554375 0.5688453124999999 0.6868083333333334 0.56955 0.7018270833333333 0.5740078125 0.71528125 0.5836296875 0.72591875 0.59489375 0.7303 0.608975 0.7234166666666667 0.6153109375 0.7140291666666666 0.616484375 0.6936916666666666 0.6131984375 0.6818020833333333 0.6066281250000001 0.6680333333333334 0.58668125 0.6630270833333333 0.5831609375 0.6642791666666666