4 0.3875 0.38125 0.390625 0.3958333333333333 0.4109375 0.41458333333333336 0.4328125 0.41041666666666665 0.440625 0.38958333333333334 0.4328125 0.35833333333333334 0.415625 0.3458333333333333 0.39375 0.35625 0.3875 0.3770833333333333 0.3875 0.38125
15 0.2921875 0.51875 0.3265625 0.5520833333333334 0.3359375 0.5479166666666667 0.3515625 0.5104166666666666 0.384375 0.46041666666666664 0.384375 0.45 0.3578125 0.42291666666666666 0.346875 0.41875 0.2921875 0.5125 0.2921875 0.51875
14 0.378125 0.6166666666666667 0.509375 0.6604166666666667 0.5171875 0.6416666666666667 0.521875 0.6041666666666666 0.390625 0.5604166666666667 0.378125 0.6104166666666667 0.378125 0.6166666666666667
1 0.5671875 0.5604166666666667 0.584375 0.60625 0.603125 0.6020833333333333 0.6234375 0.5875 0.621875 0.56875 0.60625 0.5333333333333333 0.5671875 0.55625 0.5671875 0.5604166666666667
3 0.5140625 0.4666666666666667 0.5796875 0.5416666666666666 0.5859375 0.5395833333333333 0.609375 0.5020833333333333 0.6015625 0.48541666666666666 0.54375 0.42083333333333334 0.5140625 0.46041666666666664 0.5140625 0.4666666666666667
2 0.275 0.66875 0.4109375 0.69375 0.421875 0.6375 0.2828125 0.6083333333333333 0.275 0.65 0.275 0.66875
5 0.446875 0.5770833333333333 0.4640625 0.5854166666666667 0.4921875 0.5875 0.496875 0.5604166666666667 0.5015625 0.5625 0.5 0.5291666666666667 0.4671875 0.51875 0.453125 0.5208333333333334 0.446875 0.5645833333333333 0.446875 0.5770833333333333
6 0.5453125 0.39791666666666664 0.6328125 0.5291666666666667 0.665625 0.49583333333333335 0.6640625 0.48541666666666666 0.58125 0.35833333333333334 0.56875 0.3625 0.5453125 0.39166666666666666 0.5453125 0.39791666666666664
7 0.43125 0.3541666666666667 0.496875 0.42916666666666664 0.5078125 0.42291666666666666 0.5265625 0.38958333333333334 0.5234375 0.37916666666666665 0.4578125 0.3104166666666667 0.43125 0.35 0.43125 0.3541666666666667
8 0.565625 0.6229166666666667 0.5765625 0.6895833333333333 0.61875 0.6791666666666667 0.621875 0.6541666666666667 0.6109375 0.60625 0.565625 0.6145833333333334 0.565625 0.6229166666666667
9 0.503125 0.5541666666666667 0.5265625 0.5958333333333333 0.5625 0.5604166666666667 0.5375 0.5145833333333333 0.503125 0.5458333333333333 0.503125 0.5541666666666667
10 0.3265625 0.5854166666666667 0.3671875 0.6104166666666667 0.3796875 0.5854166666666667 0.40625 0.5020833333333333 0.384375 0.48541666666666666 0.36875 0.48333333333333334 0.353125 0.5104166666666666 0.3265625 0.58125 0.3265625 0.5854166666666667
11 0.4375 0.4354166666666667 0.4546875 0.5 0.4984375 0.47291666666666665 0.478125 0.41041666666666665 0.4375 0.43333333333333335 0.4375 0.4354166666666667
11 0.6671875 0.5020833333333333 0.7078125 0.53125 0.728125 0.4791666666666667 0.690625 0.44583333333333336 0.68125 0.45625 0.6671875 0.4979166666666667 0.6671875 0.5020833333333333
13 0.6203125 0.4041666666666667 0.63125 0.43333333333333335 0.6421875 0.44583333333333336 0.6796875 0.41875 0.6734375 0.39166666666666666 0.659375 0.36666666666666664 0.6328125 0.38125 0.6203125 0.3958333333333333 0.6203125 0.4041666666666667