8 0.65 0.56875 0.6203125 0.5645833333333333 0.590625 0.5708333333333333 0.590625 0.6229166666666667 0.609375 0.6291666666666667 0.646875 0.6270833333333333 0.65 0.5795833333333333 0.65 0.56875
11 0.565625 0.5166666666666667 0.5421875 0.48541666666666666 0.5296875 0.4791666666666667 0.5109375 0.5041666666666667 0.496875 0.5395833333333333 0.5296875 0.5708333333333333 0.5671875 0.51875 0.565625 0.5166666666666667
11 0.384375 0.5375 0.35 0.5145833333333333 0.3234375 0.5625 0.3203125 0.5770833333333333 0.3625 0.6041666666666666 0.3796875 0.5666666666666667 0.3859375 0.5395833333333333 0.384375 0.5375
9 0.553125 0.35208333333333336 0.521875 0.32916666666666666 0.5140625 0.32916666666666666 0.49375 0.37916666666666665 0.5046875 0.39375 0.5328125 0.40625 0.553125 0.35833333333333334 0.553125 0.35208333333333336
13 0.5125 0.49166666666666664 0.4875 0.4666666666666667 0.475 0.4625 0.4546875 0.5020833333333333 0.4546875 0.5125 0.484375 0.5395833333333333 0.4921875 0.5395833333333333 0.5125 0.4979166666666667 0.5125 0.49166666666666664
5 0.65625 0.4625 0.6421875 0.41875 0.60625 0.42916666666666664 0.5953125 0.44166666666666665 0.60625 0.49166666666666664 0.6375 0.4875 0.65625 0.475 0.65625 0.4625
1 0.603125 0.48125 0.5859375 0.4375 0.575 0.4395833333333333 0.5453125 0.4625 0.5546875 0.4979166666666667 0.565625 0.5125 0.603125 0.4875 0.603125 0.48125
3 0.68125 0.34791666666666665 0.653125 0.30625 0.584375 0.375 0.58125 0.3854166666666667 0.6015625 0.425 0.609375 0.425 0.68125 0.3541666666666667 0.68125 0.34791666666666665
6 0.490625 0.41875 0.4203125 0.26875 0.384375 0.29791666666666666 0.384375 0.3104166666666667 0.45 0.45 0.4578125 0.45416666666666666 0.490625 0.4270833333333333 0.490625 0.41875
10 0.5890625 0.66875 0.5 0.6583333333333333 0.49375 0.6708333333333333 0.490625 0.7125 0.496875 0.7208333333333333 0.5859375 0.7270833333333333 0.5890625 0.68125 0.5890625 0.66875
14 0.38125 0.41875 0.346875 0.39166666666666666 0.3421875 0.39375 0.28125 0.54375 0.284375 0.5583333333333333 0.31875 0.575 0.3484375 0.5125 0.3828125 0.42083333333333334 0.38125 0.41875
4 0.4328125 0.55 0.421875 0.5291666666666667 0.403125 0.525 0.3859375 0.5395833333333333 0.3828125 0.56875 0.396875 0.5875 0.4140625 0.5895833333333333 0.4265625 0.5791666666666667 0.4328125 0.5583333333333333 0.4328125 0.55
7 0.4453125 0.5041666666666667 0.4265625 0.4 0.4171875 0.3958333333333333 0.3859375 0.40625 0.384375 0.4354166666666667 0.3984375 0.5208333333333334 0.4171875 0.5229166666666667 0.4453125 0.5104166666666666 0.4453125 0.5041666666666667
15 0.6890625 0.5291666666666667 0.6765625 0.48125 0.5828125 0.5125 0.5890625 0.5583333333333333 0.596875 0.56875 0.6890625 0.5395833333333333 0.6890625 0.5291666666666667