10 0.7242078125 0.4064166666666667 0.7632609375 0.36823125 0.7101046875 0.2721875 0.6723515625 0.3103729166666667 0.7242078125 0.4064166666666667
7 0.6458828125 0.5256041666666667 0.6894921875 0.5420937499999999 0.716961696875 0.42644817916666666 0.6738703125 0.40815416666666665 0.6458828125 0.5256041666666667
3 0.6385046875 0.415675 0.6749562499999999 0.38443124999999995 0.6267890625 0.28375833333333333 0.590771875 0.31558125000000004 0.6385046875 0.415675
12 0.61854375 0.6045812500000001 0.6476171875000001 0.5617666666666667 0.579490625 0.476425 0.5484640625 0.5201083333333333 0.61854375 0.6045812500000001
14 0.6445796875 0.7153791666666667 0.6712671875 0.6699604166666667 0.563434375 0.5536666666666666 0.5365296875000001 0.5996625000000001 0.6445796875 0.7153791666666667
2 0.6359015625 0.43418958333333335 0.620496875 0.38096041666666663 0.495528125 0.45559583333333337 0.5141828125 0.5070895833333333 0.6359015625 0.43418958333333335
5 0.5690796875 0.692525 0.565175 0.631775 0.5209125 0.63900625 0.5252515625 0.6986 0.5690796875 0.692525
4 0.504853125 0.30256249999999996 0.49422187500000003 0.2999583333333333 0.4829390625 0.30227291666666667 0.473609375 0.31702708333333335 0.472090625 0.33525208333333334 0.47642968750000003 0.34913750000000005 0.4825046875 0.3563708333333333 0.5005140625 0.3592625 0.5111453125 0.3517416666666667 0.5176546875 0.3349625 0.5180875 0.3306229166666667 0.5137484375 0.3150020833333333 0.504853125 0.30256249999999996
9 0.4894484375 0.5565583333333334 0.5137484375 0.5134541666666667 0.48055312499999997 0.47873958333333333 0.45495 0.5230020833333333 0.4894484375 0.5565583333333334
1 0.4985609375 0.6323541666666667 0.5161359375 0.5837520833333334 0.4792515625 0.5582958333333334 0.4597234375 0.6083416666666667 0.4985609375 0.6323541666666667
13 0.44844062500000004 0.5247375 0.472090625 0.4816333333333333 0.439328125 0.448075 0.41394374999999994 0.49117916666666667 0.44844062500000004 0.5247375
11 0.43303593749999997 0.4414208333333333 0.4671 0.39513541666666663 0.43694218749999997 0.35521250000000004 0.400925 0.3983166666666667 0.43303593749999997 0.4414208333333333
11 0.439328125 0.67921875 0.47642968750000003 0.6291708333333333 0.4425828125 0.5895375 0.40700000000000003 0.6404541666666667 0.439328125 0.67921875
6 0.32108125 0.5672625 0.42913125 0.45791041666666665 0.40548124999999996 0.41393958333333336 0.2946109375 0.5203979166666667 0.32108125 0.5672625
8 0.3371375 0.7035187500000001 0.368596875 0.6630187500000001 0.328240625 0.6060270833333333 0.29591249999999997 0.6459499999999999 0.3371375 0.7035187500000001