1 0.5546875 0.6416666666666667 0.5890625 0.60625 0.5640625 0.5604166666666667 0.534375 0.5875 0.528125 0.6041666666666666 0.5546875 0.6416666666666667
5 0.553125 0.4395833333333333 0.5609375 0.4395833333333333 0.5953125 0.3958333333333333 0.56875 0.3541666666666667 0.5328125 0.38958333333333334 0.5296875 0.40208333333333335 0.553125 0.4395833333333333
9 0.6359375 0.6958333333333333 0.646875 0.6916666666666667 0.665625 0.6520833333333333 0.6265625 0.6145833333333334 0.6046875 0.65 0.6046875 0.6666666666666666 0.6359375 0.6958333333333333
13 0.5921875 0.5895833333333333 0.6015625 0.5854166666666667 0.6234375 0.5479166666666667 0.59375 0.5083333333333333 0.584375 0.5125 0.5640625 0.54375 0.5671875 0.5625 0.5921875 0.5895833333333333
3 0.4625 0.68125 0.46875 0.5604166666666667 0.425 0.55625 0.421875 0.5875 0.41875 0.6770833333333334 0.4625 0.68125
2 0.46875 0.29375 0.5 0.2520833333333333 0.4953125 0.23958333333333334 0.3953125 0.1375 0.3890625 0.1375 0.365625 0.175 0.371875 0.19583333333333333 0.46875 0.29375
14 0.490625 0.34791666666666665 0.4984375 0.34791666666666665 0.59375 0.24166666666666667 0.5984375 0.22708333333333333 0.5765625 0.18958333333333333 0.56875 0.1875 0.471875 0.29583333333333334 0.471875 0.31666666666666665 0.490625 0.34791666666666665
6 0.51875 0.40208333333333335 0.6140625 0.29791666666666666 0.6203125 0.28125 0.5953125 0.24166666666666667 0.590625 0.24375 0.4921875 0.35208333333333336 0.49375 0.3729166666666667 0.51875 0.40208333333333335
7 0.503125 0.7354166666666667 0.54375 0.7270833333333333 0.53125 0.6104166666666667 0.525 0.6041666666666666 0.490625 0.6125 0.4875 0.625 0.503125 0.7354166666666667
11 0.4953125 0.23541666666666666 0.55625 0.19583333333333333 0.5359375 0.14375 0.509375 0.15 0.48125 0.17708333333333334 0.4765625 0.1875 0.4953125 0.23541666666666666
11 0.6578125 0.4166666666666667 0.640625 0.35208333333333336 0.5984375 0.36041666666666666 0.60625 0.43333333333333335 0.6578125 0.4166666666666667
10 0.3234375 0.38125 0.403125 0.3875 0.4125 0.3645833333333333 0.4140625 0.3375 0.40625 0.325 0.321875 0.31666666666666665 0.31875 0.3333333333333333 0.3171875 0.375 0.3234375 0.38125
4 0.409375 0.4125 0.43125 0.43125 0.446875 0.4270833333333333 0.45625 0.40625 0.4515625 0.375 0.4328125 0.36041666666666666 0.4109375 0.37083333333333335 0.4046875 0.3875 0.409375 0.4125
8 0.4125 0.475 0.3953125 0.40208333333333335 0.3546875 0.41875 0.36875 0.49166666666666664 0.4125 0.475