10 0.725 0.5229166666666667 0.721875 0.5020833333333333 0.63125 0.5104166666666666 0.6296875 0.5666666666666667 0.6453125 0.5708333333333333 0.7234375 0.5625 0.725 0.5354166666666667 0.725 0.5229166666666667
9 0.6375 0.32083333333333336 0.6015625 0.30416666666666664 0.59375 0.30625 0.578125 0.3625 0.59375 0.375 0.61875 0.38333333333333336 0.625 0.375 0.6375 0.32708333333333334 0.6375 0.32083333333333336
1 0.5734375 0.33958333333333335 0.5546875 0.29791666666666666 0.515625 0.325 0.521875 0.3541666666666667 0.534375 0.375 0.5734375 0.35 0.5734375 0.33958333333333335
2 0.5859375 0.7166666666666667 0.4875 0.5958333333333333 0.459375 0.6354166666666666 0.4609375 0.6458333333333334 0.55625 0.7625 0.5859375 0.7229166666666667 0.5859375 0.7166666666666667
3 0.4765625 0.6958333333333333 0.4375 0.5916666666666667 0.396875 0.61875 0.4375 0.7270833333333333 0.4765625 0.7020833333333333 0.4765625 0.6958333333333333
12 0.6953125 0.7520833333333333 0.68125 0.7020833333333333 0.671875 0.6333333333333333 0.6265625 0.64375 0.6359375 0.7145833333333333 0.6484375 0.7604166666666666 0.6578125 0.7666666666666667 0.6953125 0.7541666666666667 0.6953125 0.7520833333333333
7 0.6328125 0.7 0.5984375 0.5958333333333333 0.5578125 0.61875 0.5578125 0.6333333333333333 0.590625 0.7270833333333333 0.6015625 0.7291666666666666 0.6328125 0.7104166666666667 0.6328125 0.7
11 0.59375 0.5104166666666666 0.5515625 0.4375 0.515625 0.4708333333333333 0.55625 0.5479166666666667 0.5640625 0.5479166666666667 0.59375 0.51875 0.59375 0.5104166666666666
11 0.425 0.56875 0.39375 0.5291666666666667 0.346875 0.5916666666666667 0.378125 0.63125 0.425 0.5729166666666666 0.425 0.56875
8 0.44375 0.4708333333333333 0.4203125 0.4125 0.3796875 0.44166666666666665 0.4046875 0.50625 0.44375 0.48333333333333334 0.44375 0.4708333333333333
6 0.50625 0.5083333333333333 0.4609375 0.34791666666666665 0.45 0.34375 0.4203125 0.36041666666666666 0.4265625 0.4041666666666667 0.4625 0.5291666666666667 0.4703125 0.5333333333333333 0.50625 0.5145833333333333 0.50625 0.5083333333333333
5 0.4234375 0.39166666666666666 0.409375 0.3458333333333333 0.36875 0.3625 0.38125 0.42083333333333334 0.390625 0.42291666666666666 0.4234375 0.4041666666666667 0.4234375 0.39166666666666666
13 0.55625 0.42291666666666666 0.53125 0.375 0.496875 0.4083333333333333 0.5203125 0.4583333333333333 0.5578125 0.425 0.55625 0.42291666666666666
4 0.6828125 0.3729166666666667 0.66875 0.35 0.6484375 0.35 0.6296875 0.36875 0.625 0.38958333333333334 0.6359375 0.4125 0.6578125 0.41458333333333336 0.6734375 0.40625 0.6828125 0.3875 0.6828125 0.3729166666666667
14 0.5421875 0.2708333333333333 0.528125 0.23125 0.5203125 0.22708333333333333 0.4046875 0.30416666666666664 0.403125 0.3145833333333333 0.415625 0.35 0.4265625 0.35625 0.5421875 0.28125 0.5421875 0.2708333333333333