10 0.4765625 0.20625 0.44375 0.1875 0.440625 0.1875 0.4046875 0.3 0.4421875 0.325 0.48125 0.21875 0.4765625 0.20625
1 0.5765625 0.3875 0.5765625 0.3625 0.546875 0.3541666666666667 0.534375 0.3541666666666667 0.528125 0.41041666666666665 0.54375 0.42083333333333334 0.56875 0.42083333333333334 0.5765625 0.3875
2 0.46875 0.5833333333333334 0.4671875 0.56875 0.375 0.45 0.36875 0.45 0.3421875 0.49166666666666664 0.4296875 0.60625 0.44375 0.6125 0.46875 0.5833333333333334
3 0.46741093749999996 0.7086312499999999 0.48616093749999995 0.6773812499999999 0.49084843749999996 0.6586312499999999 0.4220984375 0.5919645833333332 0.41897343749999993 0.5919645833333332 0.3955359375 0.6294645833333333 0.3939734375 0.63988125 0.4611609375 0.7086312499999999 0.46741093749999996 0.7086312499999999
8 0.5515625 0.6479166666666667 0.54375 0.5916666666666667 0.5328125 0.5916666666666667 0.4875 0.6104166666666667 0.4984375 0.6645833333333333 0.5109375 0.6666666666666666 0.5515625 0.6479166666666667
6 0.603125 0.5104166666666666 0.5828125 0.4625 0.578125 0.4625 0.465625 0.55625 0.4859375 0.6041666666666666 0.490625 0.60625 0.603125 0.5104166666666666
5 0.65625 0.5479166666666667 0.6390625 0.5 0.63125 0.49375 0.6296875 0.49375 0.59375 0.525 0.6140625 0.575 0.621875 0.575 0.65625 0.5479166666666667
11 0.4703125 0.3625 0.4421875 0.35 0.434375 0.35 0.4203125 0.4041666666666667 0.4859375 0.44166666666666665 0.503125 0.3875 0.4703125 0.3625
11 0.5328125 0.7083333333333334 0.503125 0.66875 0.4984375 0.66875 0.4546875 0.7270833333333333 0.4828125 0.76875 0.5046875 0.7520833333333333 0.5328125 0.7083333333333334
14 0.6578125 0.5291666666666667 0.684375 0.50625 0.6890625 0.49583333333333335 0.615625 0.34791666666666665 0.6125 0.34791666666666665 0.5796875 0.375 0.5796875 0.3854166666666667 0.65 0.5270833333333333 0.6578125 0.5291666666666667
4 0.49375 0.29791666666666666 0.5046875 0.29583333333333334 0.5140625 0.28541666666666665 0.5203125 0.2604166666666667 0.515625 0.23125 0.5 0.21875 0.490625 0.21875 0.4765625 0.23125 0.471875 0.25833333333333336 0.4796875 0.2875 0.49375 0.29791666666666666
13 0.5046875 0.4 0.5 0.4 0.4859375 0.45625 0.5265625 0.47708333333333336 0.5421875 0.42291666666666666 0.5046875 0.4
9 0.5859375 0.2833333333333333 0.5703125 0.27708333333333335 0.5604171874999999 0.27708333333333335 0.5390625 0.2791666666666667 0.5390625 0.34375 0.5828125 0.33958333333333335 0.5859375 0.2833333333333333
7 0.4171875 0.4041666666666667 0.425 0.3645833333333333 0.3453125 0.32083333333333336 0.3390625 0.32083333333333336 0.325 0.36666666666666664 0.3296875 0.38333333333333336 0.4078125 0.42291666666666666 0.4171875 0.4041666666666667