1 0.3796875 0.3333333333333333 0.4140625 0.35 0.4265625 0.31875 0.4296875 0.29583333333333334 0.4265625 0.2875 0.3984375 0.2708333333333333 0.3875 0.2708333333333333 0.371875 0.32083333333333336 0.3796875 0.3333333333333333
3 0.509375 0.5083333333333333 0.5484375 0.6041666666666666 0.5578125 0.6083333333333333 0.590625 0.5791666666666667 0.5515625 0.48333333333333334 0.546875 0.47708333333333336 0.5140625 0.4979166666666667 0.509375 0.5083333333333333
2 0.375 0.5979166666666667 0.43125 0.7541666666666667 0.440625 0.75625 0.4703125 0.7354166666666667 0.4734375 0.725 0.415625 0.56875 0.4109375 0.56875 0.38125 0.5875 0.375 0.5979166666666667
4 0.38125 0.4125 0.384375 0.4375 0.403125 0.45416666666666666 0.421875 0.45 0.43125 0.43333333333333335 0.43125 0.41041666666666665 0.415625 0.3875 0.40546875 0.3875 0.3921875 0.38958333333333334 0.38125 0.4125
15 0.3140625 0.44375 0.38125 0.5145833333333333 0.390625 0.5145833333333333 0.4125 0.4791666666666667 0.4125 0.4666666666666667 0.396875 0.45625 0.34375 0.3958333333333333 0.3375 0.3958333333333333 0.3140625 0.4354166666666667 0.3140625 0.44375
14 0.325 0.21041666666666667 0.459375 0.21458333333333332 0.459375 0.15625 0.328125 0.14791666666666667 0.3265625 0.14583333333333334 0.321875 0.15833333333333333 0.325 0.21041666666666667
13 0.45 0.35625 0.4921875 0.34791666666666665 0.4890625 0.28541666666666665 0.48125 0.28541666666666665 0.44375 0.28958333333333336 0.45 0.35625
9 0.4359375 0.4625 0.48125 0.46875 0.484375 0.41041666666666665 0.4546875 0.4041666666666667 0.446875 0.4041666666666667 0.4390625 0.4041666666666667 0.4359375 0.4625
10 0.3328125 0.5375 0.346875 0.54375 0.3671875 0.5020833333333333 0.2984375 0.4270833333333333 0.296875 0.4270833333333333 0.271875 0.475 0.3328125 0.5375
11 0.5171875 0.49375 0.58125 0.44583333333333336 0.5765625 0.4270833333333333 0.5484375 0.40208333333333335 0.5421875 0.40208333333333335 0.4953125 0.44583333333333336 0.5171875 0.49375
11 0.4875 0.7895833333333333 0.5171875 0.7979166666666667 0.553125 0.7895833333333333 0.553125 0.7270833333333333 0.54375 0.7270833333333333 0.4859375 0.73125 0.4875 0.7895833333333333
5 0.603125 0.49166666666666664 0.6140625 0.53125 0.6609375 0.5145833333333333 0.65 0.45416666666666666 0.6484375 0.45416666666666666 0.603125 0.47291666666666665 0.603125 0.49166666666666664
7 0.328125 0.6291666666666667 0.40625 0.5666666666666667 0.384375 0.51875 0.3796875 0.51875 0.30625 0.5791666666666667 0.328125 0.6291666666666667
6 0.375 0.275 0.396875 0.26875 0.4265625 0.2833333333333333 0.4828125 0.28125 0.496875 0.28958333333333336 0.509375 0.2833333333333333 0.509375 0.22083333333333333 0.3875 0.2125 0.38125 0.2125 0.3734375 0.21666666666666667 0.375 0.275