0 0.125 0 0.1609375 0.03333333333333333 0.228125 0.11875 0.2421875 0.15 0.265625 0.24375 0.3078125 0.29791666666666666 0.3359375 0.31875 0.3609375 0.325 0.3625 0.3 0.41875 0.3729166666666667 0.4375 0.38333333333333336 0.4546875 0.3770833333333333 0.4640625 0.34791666666666665 0.4609375 0.29583333333333334 0.4796875 0.29583333333333334 0.4875 0.2791666666666667 0.478125 0.23958333333333334 0.484375 0.20833333333333334 0.4828125 0.17916666666666667 0.459375 0.125 0.3984375 0.058333333333333334 0.3140625 0.008333333333333333 0.3056764234375 0 0.125 0
10 0.3640625 0.33541666666666664 0.3328125 0.31875 0.3109375 0.3541666666666667 0.3109375 0.35833333333333334 0.384375 0.42916666666666664 0.415625 0.375 0.403125 0.3729166666666667 0.3640625 0.33541666666666664
11 0.56875 0.38333333333333336 0.56875 0.38958333333333334 0.6140625 0.41875 0.6375 0.36666666666666664 0.590625 0.3375 0.56875 0.38333333333333336
11 0.596875 0.45625 0.596875 0.4625 0.6140625 0.50625 0.671875 0.47291666666666665 0.65 0.41875 0.596875 0.45625
14 0.4171875 0.6166666666666667 0.3015625 0.5791666666666667 0.2890625 0.5833333333333334 0.28125 0.6229166666666667 0.28125 0.6354166666666666 0.4046875 0.6770833333333334 0.4171875 0.675 0.4234375 0.6416666666666667 0.4171875 0.6166666666666667
13 0.4546875 0.4895833333333333 0.440625 0.5354166666666667 0.440625 0.5416666666666666 0.4828125 0.5604166666666667 0.496875 0.5083333333333333 0.490625 0.5 0.4546875 0.4895833333333333
15 0.525 0.5354166666666667 0.525 0.5479166666666667 0.6125 0.5854166666666667 0.6265625 0.5333333333333333 0.5375 0.49375 0.525 0.5354166666666667
6 0.5859375 0.6125 0.5703125 0.575 0.559375 0.5708333333333333 0.45 0.6708333333333333 0.45 0.6791666666666667 0.4703125 0.71875 0.4765625 0.7208333333333333 0.578125 0.6291666666666667 0.5859375 0.6125
7 0.6 0.30625 0.596875 0.2916666666666667 0.56875 0.26458333333333334 0.5625 0.26458333333333334 0.5109375 0.35625 0.5109375 0.3625 0.5375 0.39375 0.55 0.39375 0.58125 0.33125 0.6 0.30625
5 0.5328125 0.3854166666666667 0.5203125 0.38125 0.4875 0.39375 0.4875 0.4 0.496875 0.45208333333333334 0.540625 0.44375 0.540625 0.4083333333333333 0.5328125 0.3854166666666667
4 0.46875 0.5958333333333333 0.4578125 0.575 0.4390625 0.5708333333333333 0.43125 0.575 0.41875 0.5979166666666667 0.41875 0.6166666666666667 0.428125 0.6333333333333333 0.4484375 0.6375 0.465625 0.6208333333333333 0.46875 0.5958333333333333
2 0.459375 0.44166666666666665 0.421875 0.42291666666666666 0.4140625 0.425 0.3734375 0.5875 0.3734375 0.5979166666666667 0.415625 0.6125 0.4421875 0.5083333333333333 0.453125 0.48333333333333334 0.459375 0.44166666666666665
3 0.3921875 0.4375 0.3140625 0.3770833333333333 0.290625 0.42291666666666666 0.290625 0.42916666666666664 0.36875 0.49166666666666664 0.3765625 0.48541666666666666 0.3921875 0.4479166666666667 0.3921875 0.4375
1 0.59375 0.4083333333333333 0.58125 0.39791666666666664 0.5484375 0.39791666666666664 0.54375 0.41875 0.54375 0.43125 0.54375 0.45625 0.5859375 0.46041666666666664 0.590625 0.45625 0.59375 0.4083333333333333
8 0.65625 0.65 0.5984375 0.65625 0.5984375 0.6708333333333333 0.6015625 0.7145833333333333 0.6421875 0.7166666666666667 0.659375 0.7083333333333334 0.65625 0.65