11 0.4234375 0.24375 0.471875 0.3 0.48125 0.30416666666666664 0.5078125 0.25833333333333336 0.478125 0.21458333333333332 0.4546875 0.19583333333333333 0.4484375 0.19583333333333333 0.4265625 0.22916666666666666 0.4234375 0.24375
11 0.5125 0.5333333333333333 0.528125 0.53125 0.5734375 0.5 0.55625 0.44583333333333336 0.5546875 0.44583333333333336 0.496875 0.48125 0.5125 0.5333333333333333
9 0.546875 0.30625 0.5859375 0.30833333333333335 0.590625 0.3020833333333333 0.59375 0.24583333333333332 0.590625 0.23958333333333334 0.5703125 0.2375 0.5609375 0.2375 0.546875 0.24166666666666667 0.546875 0.30625
7 0.334375 0.45 0.340625 0.4583333333333333 0.3640625 0.45416666666666666 0.3796875 0.44375 0.3578125 0.3229166666666667 0.3546875 0.3229166666666667 0.3171875 0.33541666666666664 0.334375 0.45
1 0.4609375 0.5520833333333334 0.4875 0.5458333333333333 0.5046875 0.5333333333333333 0.4921875 0.4791666666666667 0.4875 0.4791666666666667 0.45 0.49583333333333335 0.4609375 0.5520833333333334
3 0.6203125 0.51875 0.6515625 0.51875 0.6640625 0.5125 0.6609375 0.39166666666666666 0.6520828125 0.39166666666666666 0.615625 0.3958333333333333 0.6203125 0.51875
2 0.4390625 0.4375 0.4484375 0.44166666666666665 0.4796875 0.41041666666666665 0.4078125 0.26666666666666666 0.403125 0.2604166666666667 0.3671875 0.29375 0.4390625 0.4375
14 0.490625 0.44166666666666665 0.4984375 0.44375 0.6140625 0.38125 0.61875 0.36875 0.603125 0.3229166666666667 0.6 0.3229166666666667 0.478125 0.3875 0.490625 0.44166666666666665
13 0.5546875 0.625 0.559375 0.63125 0.6 0.6291666666666667 0.6015625 0.5708333333333333 0.5859375 0.5666666666666667 0.5765625 0.5666666666666667 0.55625 0.56875 0.5546875 0.625
12 0.403125 0.5708333333333333 0.43125 0.5729166666666666 0.4453125 0.5666666666666667 0.44375 0.44583333333333336 0.43531250000000005 0.44583333333333336 0.4 0.4479166666666667 0.403125 0.5708333333333333
6 0.478125 0.73125 0.51875 0.7354166666666667 0.5234375 0.7083333333333334 0.5265625 0.5520833333333334 0.5046875 0.5479166666666667 0.490625 0.5479166666666667 0.4828125 0.5583333333333333 0.478125 0.73125
5 0.5578125 0.42916666666666664 0.5578125 0.44583333333333336 0.575 0.48333333333333334 0.596875 0.475 0.615625 0.4583333333333333 0.6140625 0.4375 0.6015625 0.4041666666666667 0.59375 0.4041666666666667 0.5625 0.42083333333333334 0.5578125 0.42916666666666664
4 0.3546875 0.6208333333333333 0.35625 0.65 0.3734375 0.66875 0.3953125 0.6604166666666667 0.4078125 0.6354166666666666 0.4046875 0.6104166666666667 0.39375 0.6 0.3859375 0.6 0.371875 0.6020833333333333 0.3546875 0.6208333333333333
8 0.625 0.29791666666666666 0.63125 0.29791666666666666 0.6609375 0.2625 0.6625 0.25416666666666665 0.65 0.22708333333333333 0.628125 0.20208333333333334 0.6234375 0.20208333333333334 0.59375 0.24375 0.625 0.29791666666666666
10 0.41875 0.7375 0.428125 0.7458333333333333 0.459375 0.7520833333333333 0.465625 0.7354166666666667 0.4796875 0.63125 0.440625 0.61875 0.4390625 0.61875 0.434375 0.6229166666666667 0.41875 0.7375