9 0.3625 0.22916666666666666 0.3765625 0.25833333333333336 0.396875 0.27291666666666664 0.425 0.23541666666666666 0.41875 0.21666666666666667 0.3953125 0.18541666666666667 0.3890625 0.18541666666666667 0.3625 0.21875 0.3625 0.22916666666666666
10 0.4046875 0.5020833333333333 0.4125 0.5020833333333333 0.4203125 0.4895833333333333 0.453125 0.4041666666666667 0.4515625 0.39375 0.4171875 0.37083333333333335 0.4140625 0.37083333333333335 0.3734375 0.47708333333333336 0.4046875 0.5020833333333333
11 0.5484375 0.36875 0.5859375 0.32916666666666666 0.5859375 0.3229166666666667 0.553125 0.2833333333333333 0.55 0.2833333333333333 0.51875 0.31875 0.5484375 0.36875
11 0.5671875 0.4625 0.575 0.4791666666666667 0.6171875 0.45625 0.6 0.38958333333333334 0.5984375 0.3875 0.55625 0.4041666666666667 0.5671875 0.4625
14 0.609375 0.4083333333333333 0.61875 0.4479166666666667 0.621875 0.5291666666666667 0.665625 0.51875 0.65 0.33958333333333335 0.6359375 0.33958333333333335 0.60625 0.34791666666666665 0.609375 0.4083333333333333
13 0.38125 0.58125 0.425 0.5583333333333333 0.4078125 0.50625 0.40625 0.5041666666666667 0.365625 0.5270833333333333 0.38125 0.58125
4 0.4296875 0.32916666666666666 0.4375 0.36041666666666666 0.45 0.36875 0.4671875 0.36666666666666664 0.4796875 0.3458333333333333 0.4734375 0.3104166666666667 0.45625 0.3 0.4546875 0.29791666666666666 0.440625 0.30416666666666664 0.4296875 0.32916666666666666
8 0.5171875 0.71875 0.578125 0.7125 0.578125 0.6583333333333333 0.5546875 0.6520833333333333 0.5453125 0.6520833333333333 0.5140625 0.65625 0.5171875 0.71875
2 0.53125 0.6416666666666667 0.628125 0.625 0.665625 0.6104166666666667 0.6578125 0.5520833333333334 0.653125 0.5520833333333334 0.525 0.5854166666666667 0.53125 0.6416666666666667
3 0.353125 0.6854166666666667 0.4328125 0.6270833333333333 0.4125 0.575 0.4078125 0.575 0.3328125 0.6354166666666666 0.353125 0.6854166666666667
1 0.4828125 0.49166666666666664 0.4875 0.5 0.5203125 0.5083333333333333 0.5296875 0.4895833333333333 0.5328125 0.4479166666666667 0.496875 0.4354166666666667 0.49375 0.4354166666666667 0.4890625 0.44166666666666665 0.4828125 0.49166666666666664
6 0.353125 0.3958333333333333 0.3765625 0.4166666666666667 0.3890625 0.40625 0.4265625 0.34375 0.4328125 0.3125 0.4640625 0.2791666666666667 0.4625 0.26875 0.43125 0.2375 0.4296875 0.2375 0.346875 0.37916666666666665 0.353125 0.3958333333333333
7 0.45 0.42916666666666664 0.4765625 0.45208333333333334 0.4859375 0.45 0.53125 0.35625 0.5265625 0.34375 0.4984375 0.32083333333333336 0.49375 0.32083333333333336 0.4484375 0.42083333333333334 0.45 0.42916666666666664
5 0.4140625 0.50625 0.425 0.5395833333333333 0.434375 0.5520833333333334 0.45 0.5458333333333333 0.4734375 0.5229166666666667 0.453125 0.4708333333333333 0.4484375 0.4708333333333333 0.421875 0.4895833333333333 0.4140625 0.50625