7 0.3419875 0.5840770833333334 0.361784375 0.5393770833333333 0.28945625 0.47391041666666667 0.2884 0.47672708333333336 0.266490625 0.5235375 0.3419875 0.5840770833333334
3 0.3982140625 0.42322916666666666 0.366009375 0.3950708333333333 0.3166453125 0.49256458333333336 0.35043437499999996 0.5228354166666667 0.3982140625 0.42322916666666666
11 0.41774843749999996 0.6456708333333334 0.43886562500000004 0.5946354166666666 0.39926875 0.5555666666666668 0.3776234375 0.6055458333333333 0.41774843749999996 0.6456708333333334
1 0.440978125 0.51544375 0.46077500000000005 0.4644083333333333 0.42144375 0.44153125 0.405340625 0.48939791666666665 0.440978125 0.51544375
9 0.4599828125 0.5833729166666667 0.4681671875 0.5284666666666666 0.42698749999999996 0.51544375 0.419859375 0.56683125 0.4599828125 0.5833729166666667
2 0.4816296875 0.7382583333333332 0.49403593749999997 0.6840562499999999 0.3670640625 0.6259604166666667 0.35333749999999997 0.67664375 0.4816296875 0.7382583333333332
15 0.49614843750000004 0.6207020833333333 0.527296875 0.5077208333333333 0.48875624999999995 0.4883625 0.45945625 0.6052166666666667 0.49614843750000004 0.6207020833333333
10 0.563196875 0.6798333333333333 0.55343125 0.5594604166666667 0.5143625000000001 0.5696666666666667 0.519378125 0.6844083333333334 0.563196875 0.6798333333333333
4 0.611240625 0.6530833333333333 0.6210078125 0.66188125 0.6355265625000001 0.66188125 0.6460859375 0.6551958333333334 0.65215625 0.633725 0.6489890625 0.6076791666666667 0.6371109374999999 0.5971208333333333 0.6260234375 0.5939520833333333 0.61388125 0.6016958333333334 0.60728125 0.6112 0.60385 0.6277416666666666 0.6059609375 0.6411166666666667 0.611240625 0.6530833333333333
14 0.6685234375 0.4531458333333333 0.64766875 0.4007020833333333 0.52676875 0.48095 0.5455109375 0.5337458333333333 0.6685234375 0.4531458333333333
5 0.534422203125 0.3845166291666667 0.504859375 0.42815624999999996 0.533896875 0.47003958333333334 0.566365625 0.42780416666666665 0.5349515625000001 0.38310416666666663 0.534422203125 0.3845166291666667
8 0.6133531249999999 0.4183 0.6152 0.35917083333333333 0.5558062500000001 0.35459583333333333 0.5558062500000001 0.41478125 0.6133531249999999 0.4183
11 0.48110156249999997 0.39858958333333333 0.4966765625 0.34262708333333336 0.44625624999999997 0.3116541666666667 0.43015468749999997 0.36867291666666663 0.48110156249999997 0.39858958333333333
13 0.42381875 0.36268958333333334 0.4441453125 0.31271041666666666 0.40745312499999997 0.2834979166666667 0.3876546875 0.3289020833333333 0.42381875 0.36268958333333334
6 0.4676390625 0.4637041666666667 0.4877015625 0.41689375 0.36891250000000003 0.32714166666666666 0.3485859375 0.3764166666666667 0.4676390625 0.4637041666666667