14 0.6515625 0.6125 0.63125 0.5770833333333333 0.621875 0.5708333333333333 0.5171875 0.6854166666666667 0.540625 0.7270833333333333 0.55 0.7291666666666666 0.6515625 0.61875 0.6515625 0.6125
4 0.6046875 0.43333333333333335 0.5890625 0.4125 0.5671875 0.4125 0.5578125 0.42916666666666664 0.5546875 0.4479166666666667 0.5671875 0.47291666666666665 0.5875 0.475 0.6 0.4625 0.6046875 0.4479166666666667 0.6046875 0.43333333333333335
1 0.465625 0.45416666666666666 0.4328125 0.41875 0.40625 0.45416666666666666 0.4046875 0.46458333333333335 0.4296875 0.49375 0.440625 0.4979166666666667 0.465625 0.4583333333333333 0.465625 0.45416666666666666
3 0.5875 0.48333333333333334 0.5703125 0.47708333333333336 0.496875 0.475 0.490625 0.4895833333333333 0.490625 0.5291666666666667 0.58125 0.5354166666666667 0.5875 0.5020833333333333 0.5875 0.48333333333333334
2 0.5828125 0.5791666666666667 0.55625 0.5416666666666666 0.55 0.5416666666666666 0.45625 0.6583333333333333 0.45625 0.6666666666666666 0.4875 0.7041666666666667 0.584375 0.58125 0.5828125 0.5791666666666667
8 0.6984375 0.4 0.6921875 0.35833333333333334 0.6359375 0.37083333333333335 0.6359375 0.38125 0.646875 0.4041666666666667 0.640625 0.4270833333333333 0.6984375 0.41875 0.6984375 0.4
5 0.5609375 0.41041666666666665 0.528125 0.38958333333333334 0.51875 0.38958333333333334 0.5078125 0.41458333333333336 0.503125 0.44583333333333336 0.5375 0.4666666666666667 0.5453125 0.46458333333333335 0.5609375 0.4166666666666667 0.5609375 0.41041666666666665
13 0.6453125 0.40208333333333335 0.621875 0.3625 0.60625 0.37083333333333335 0.5859375 0.39375 0.5875 0.40625 0.6015625 0.425 0.60625 0.44166666666666665 0.615625 0.4395833333333333 0.6453125 0.41041666666666665 0.6453125 0.40208333333333335
6 0.4796875 0.3416666666666667 0.4546875 0.3104166666666667 0.44375 0.30833333333333335 0.359375 0.4375 0.3609375 0.45 0.3859375 0.4791666666666667 0.3921875 0.4791666666666667 0.4234375 0.425 0.434375 0.4166666666666667 0.4796875 0.34791666666666665 0.4796875 0.3416666666666667
7 0.4359375 0.5041666666666667 0.4296875 0.4979166666666667 0.346875 0.5020833333333333 0.340625 0.5125 0.340625 0.5520833333333334 0.34375 0.5604166666666667 0.4328125 0.5583333333333333 0.4359375 0.5145833333333333 0.4359375 0.5041666666666667
9 0.509375 0.4 0.4890625 0.3875 0.4671875 0.38333333333333336 0.453125 0.43125 0.4640625 0.44375 0.4953125 0.45208333333333334 0.509375 0.4041666666666667 0.509375 0.4
10 0.73125 0.5145833333333333 0.728125 0.48125 0.634375 0.49375 0.6421875 0.5520833333333334 0.7234375 0.5416666666666666 0.73125 0.5375 0.73125 0.5260416666666666 0.73125 0.5145833333333333
11 0.6375 0.5291666666666667 0.63125 0.4895833333333333 0.5890625 0.4895833333333333 0.590625 0.55625 0.6359375 0.5583333333333333 0.6375 0.5427083333333333 0.6375 0.5291666666666667
11 0.603125 0.36875 0.5703125 0.31875 0.5328125 0.35 0.5359375 0.3645833333333333 0.5640625 0.40625 0.603125 0.3729166666666667 0.603125 0.36875
12 0.440625 0.6 0.4125 0.5875 0.396875 0.5895833333333333 0.3796875 0.6895833333333333 0.3828125 0.7125 0.4234375 0.71875 0.4421875 0.6020833333333333 0.440625 0.6