5 0.3749203125 0.36450625 0.42330468750000005 0.3566958333333333 0.41939843750000005 0.31127708333333337 0.41744531250000005 0.2950770833333333 0.3699296875 0.3052020833333334 0.3749203125 0.36450625
11 0.2861796875 0.46633541666666667 0.3319609375 0.46575833333333333 0.3315265625 0.39314583333333336 0.32024375 0.38215208333333334 0.2744640625 0.3830208333333333 0.2861796875 0.46633541666666667
10 0.4350203125 0.397775 0.4818859375 0.39603750000000004 0.4773296875 0.26614791666666665 0.43024687500000003 0.2704875 0.4350203125 0.397775
4 0.3825140625 0.5134895833333333 0.3753546875 0.5210125 0.37123125 0.5288229166666667 0.36906249999999996 0.5427083333333333 0.372534375 0.55659375 0.3794765625 0.56643125 0.3931453125 0.5701916666666667 0.40312656249999995 0.5667187499999999 0.41006875000000004 0.5609333333333333 0.4133234375 0.5519666666666667 0.41505937499999995 0.5346083333333334 0.41115312499999995 0.5215895833333334 0.40572968749999994 0.5143583333333334 0.3905421875 0.5088625 0.3825140625 0.5134895833333333
12 0.5493625 0.5328729166666667 0.5795203124999999 0.49179375000000003 0.5122609375 0.4064520833333333 0.4829703125 0.4469541666666667 0.5493625 0.5328729166666667
7 0.62465 0.45389583333333333 0.711003125 0.49728958333333334 0.727709375 0.44435 0.642225 0.40124583333333336 0.62465 0.45389583333333333
1 0.6298578125 0.55023125 0.6693453125 0.5253520833333334 0.6500359375 0.47530416666666664 0.6111984374999999 0.49757916666666663 0.6298578125 0.55023125
9 0.5929734375 0.5823416666666666 0.62920625 0.5597770833333333 0.612934375 0.5082833333333333 0.5727953125 0.5314270833333333 0.5929734375 0.5823416666666666
3 0.48340468750000004 0.6266020833333333 0.523109375 0.65350625 0.5647671875 0.5505187500000001 0.5281 0.5259291666666667 0.48340468750000004 0.6266020833333333
8 0.46105625000000006 0.5516770833333333 0.500328125 0.5800270833333333 0.52658125 0.5129125 0.48969687500000003 0.48716458333333335 0.46105625000000006 0.5516770833333333
11 0.41245624999999997 0.6156104166666666 0.45736875 0.6428041666666666 0.47298906250000006 0.5849458333333334 0.42807812500000003 0.5615125 0.41245624999999997 0.6156104166666666
13 0.48340468750000004 0.7319041666666667 0.5274484375 0.7521541666666667 0.5404671875 0.6934291666666667 0.4962046875 0.6731791666666667 0.48340468750000004 0.7319041666666667