11 0.5845609375 0.1758 0.5793453125 0.24867916666666667 0.6235734374999999 0.25618958333333336 0.63025 0.24172500000000002 0.631084375 0.17941666666666667 0.587690625 0.17552083333333332 0.5845609375 0.1758
6 0.5084140625 0.1810854166666667 0.5090390625000001 0.182475 0.5082046874999999 0.18080625 0.4059796875 0.3029208333333333 0.434353125 0.34408958333333334 0.5359515625 0.22002708333333335 0.5082046874999999 0.17997291666666668 0.5084140625 0.1810854166666667
14 0.5601515625 0.23755208333333336 0.480875 0.38692499999999996 0.5180109374999999 0.4216958333333333 0.5952015625 0.26787083333333334 0.565784375 0.24144583333333333 0.5601515625 0.23755208333333336
9 0.6045890625 0.3663416666666667 0.6410984375 0.33518749999999997 0.6185671875 0.28261458333333334 0.579971875 0.3154375 0.6045890625 0.3663416666666667
7 0.6331703125 0.4956875 0.6726 0.4848395833333334 0.656953125 0.36689791666666666 0.6139765625 0.37691250000000004 0.6331703125 0.4956875
8 0.523434375 0.4956875 0.576425 0.4656458333333333 0.5601515625 0.41418541666666664 0.5073703125 0.44228124999999996 0.523434375 0.4956875
1 0.5972875 0.57635625 0.63463125 0.5513208333333334 0.6177328125 0.5034770833333334 0.5791375000000001 0.5243395833333333 0.5972875 0.57635625
5 0.43956875 0.4178020833333333 0.4829625 0.39860833333333334 0.4691921875 0.34408958333333334 0.4270515625 0.3613354166666667 0.43956875 0.4178020833333333
9 0.3646734375 0.37023541666666665 0.40285000000000004 0.4008333333333333 0.426634375 0.35215625 0.389290625 0.32183541666666665 0.3646734375 0.37023541666666665
2 0.3037546875 0.41947083333333335 0.3972171875 0.553825 0.4297625 0.5154375 0.33734375 0.38164166666666666 0.3037546875 0.41947083333333335
4 0.528859375 0.5490958333333332 0.5209312500000001 0.5563270833333332 0.5192625 0.5694020833333333 0.5194703125 0.5835875 0.524478125 0.5941583333333333 0.531153125 0.6033375 0.5453406249999999 0.60723125 0.5538937500000001 0.6050062500000001 0.564325 0.5885937499999999 0.56599375 0.5755208333333334 0.5639078125 0.5616125000000001 0.5561890625 0.5502083333333334 0.5474265625 0.5426979166666667 0.537203125 0.542975 0.528859375 0.5490958333333332
13 0.47086249999999996 0.6242 0.50945625 0.5991645833333333 0.49130624999999994 0.5460354166666667 0.45333750000000006 0.5716270833333332 0.47086249999999996 0.6242
10 0.36133125 0.6581354166666666 0.44770468750000003 0.7026416666666666 0.46251718750000004 0.6481208333333334 0.378859375 0.60445 0.36133125 0.6581354166666666
12 0.6100125000000001 0.5961041666666667 0.6112656249999999 0.6033375 0.6123078125 0.6119604166666667 0.6116828125 0.62141875 0.608553125 0.63143125 0.603128125 0.6411666666666667 0.5977046875 0.6470083333333334 0.5897765625 0.65229375 0.58351875 0.6536854166666667 0.5776765625 0.65340625 0.570165625 0.6531291666666666 0.564115625 0.6520166666666667 0.5576484374999999 0.6497895833333334 0.55055625 0.6414458333333334 0.5457578125 0.6322666666666666 0.5351171875 0.6394979166666667 0.554728125 0.690125 0.63796875 0.6364395833333333 0.6187750000000001 0.5827541666666666 0.6073015625 0.5885937499999999 0.6100125000000001 0.5961041666666667
3 0.5891515625 0.7510416666666667 0.6642546874999999 0.6856729166666666 0.6408890625 0.6381083333333333 0.565159375 0.7023645833333333 0.5891515625 0.7510416666666667