5 0.29375 0.45416666666666666 0.315625 0.5041666666666667 0.3234375 0.5041666666666667 0.359375 0.475 0.3421875 0.41875 0.321875 0.42291666666666666 0.303125 0.44166666666666665 0.2984375 0.4375 0.29375 0.4479166666666667 0.29375 0.45416666666666666
9 0.4 0.3 0.409375 0.3458333333333333 0.44375 0.3458333333333333 0.4515625 0.33958333333333335 0.44375 0.27708333333333335 0.4140625 0.2791666666666667 0.4 0.2875 0.4 0.3
10 0.4828125 0.60625 0.4890625 0.6416666666666667 0.4953125 0.65 0.5796875 0.6208333333333333 0.5703125 0.5666666666666667 0.4828125 0.5916666666666667 0.4828125 0.60625
11 0.5484375 0.37083333333333335 0.553125 0.41458333333333336 0.6 0.41041666666666665 0.5953125 0.35208333333333336 0.590625 0.3416666666666667 0.5484375 0.3458333333333333 0.5484375 0.35833333333333334 0.5484375 0.37083333333333335
11 0.4859375 0.5708333333333333 0.5328125 0.56875 0.534375 0.5104166666666666 0.5296875 0.5020833333333333 0.4875 0.5041666666666667 0.484375 0.56875 0.4859375 0.5708333333333333
6 0.5671875 0.4395833333333333 0.5796875 0.5958333333333333 0.61875 0.5958333333333333 0.6234375 0.5708333333333333 0.6109375 0.4166666666666667 0.5875 0.41458333333333336 0.5671875 0.42083333333333334 0.5671875 0.4395833333333333
7 0.471875 0.45416666666666666 0.478125 0.49375 0.5640625 0.47708333333333336 0.56875 0.4708333333333333 0.5640625 0.42291666666666666 0.55625 0.41875 0.471875 0.4395833333333333 0.471875 0.45416666666666666
14 0.4015625 0.3958333333333333 0.4328125 0.5625 0.471875 0.5520833333333334 0.478125 0.54375 0.4515625 0.41041666666666665 0.45 0.3770833333333333 0.440625 0.3729166666666667 0.4015625 0.3854166666666667 0.4015625 0.3958333333333333
13 0.3390625 0.5770833333333333 0.3484375 0.63125 0.3828125 0.625 0.396875 0.6104166666666667 0.3890625 0.5604166666666667 0.3515625 0.5666666666666667 0.3390625 0.575 0.3390625 0.5770833333333333
4 0.3171875 0.6895833333333333 0.3265625 0.7083333333333334 0.35 0.7125 0.3703125 0.6895833333333333 0.375 0.6604166666666667 0.3578125 0.6416666666666667 0.34375 0.6416666666666667 0.328125 0.6520833333333333 0.3171875 0.6729166666666667 0.3171875 0.6895833333333333
1 0.43125 0.69375 0.475 0.7083333333333334 0.484375 0.6833333333333333 0.4875 0.6458333333333334 0.4453125 0.63125 0.4390625 0.6416666666666667 0.43125 0.6895833333333333 0.43125 0.69375
8 0.496875 0.6854166666666667 0.5 0.7104166666666667 0.5515625 0.7145833333333333 0.55625 0.70625 0.5578125 0.65625 0.5 0.6520833333333333 0.496875 0.6833333333333333 0.496875 0.6854166666666667
12 0.453125 0.3854166666666667 0.459375 0.43333333333333335 0.4734375 0.4354166666666667 0.5515625 0.4125 0.5421875 0.35625 0.453125 0.38125 0.453125 0.3854166666666667