2 0.521875 0.3770833333333333 0.528125 0.41458333333333336 0.6578125 0.38958333333333334 0.6625 0.375 0.65625 0.32708333333333334 0.6484375 0.32708333333333334 0.5234375 0.3541666666666667 0.521875 0.3770833333333333
3 0.4765625 0.3229166666666667 0.5390625 0.32916666666666666 0.5625 0.325 0.5671875 0.2625 0.4984375 0.25416666666666665 0.4875 0.25416666666666665 0.4765625 0.25416666666666665 0.4765625 0.3229166666666667
1 0.475 0.38333333333333336 0.48125 0.40208333333333335 0.515625 0.3958333333333333 0.5203125 0.38958333333333334 0.5203125 0.35833333333333334 0.5140625 0.33125 0.503125 0.33125 0.4734375 0.33958333333333335 0.475 0.38333333333333336
5 0.4421875 0.5895833333333333 0.475 0.5479166666666667 0.44375 0.5041666666666667 0.440625 0.5041666666666667 0.4109375 0.5479166666666667 0.4421875 0.5895833333333333
7 0.5328125 0.19791666666666666 0.5765625 0.2833333333333333 0.5875 0.28958333333333336 0.609375 0.2708333333333333 0.6203125 0.2520833333333333 0.56875 0.15416666666666667 0.565625 0.15416666666666667 0.5375 0.18125 0.5328125 0.19791666666666666
6 0.434375 0.44166666666666665 0.4484375 0.44583333333333336 0.471875 0.44166666666666665 0.478125 0.43333333333333335 0.4703125 0.3020833333333333 0.4625 0.2520833333333333 0.4546875 0.2520833333333333 0.421875 0.2604166666666667 0.434375 0.44166666666666665
13 0.3828125 0.38333333333333336 0.41875 0.3770833333333333 0.4234375 0.37083333333333335 0.4203125 0.3416666666666667 0.4078125 0.30833333333333335 0.3984375 0.30833333333333335 0.3671875 0.32708333333333334 0.3828125 0.38333333333333336
15 0.4734375 0.5875 0.4734375 0.5958333333333333 0.5015625 0.625 0.5125 0.61875 0.559375 0.5333333333333333 0.559375 0.5229166666666667 0.53125 0.4979166666666667 0.528125 0.49375 0.515625 0.50625 0.4734375 0.5875
14 0.3921875 0.75 0.415625 0.7791666666666667 0.425 0.78125 0.5125 0.6583333333333333 0.5140625 0.64375 0.4859375 0.6125 0.484375 0.6125 0.3921875 0.7375 0.3921875 0.75
11 0.5140625 0.4979166666666667 0.540625 0.4479166666666667 0.5 0.41041666666666665 0.496875 0.41041666666666665 0.4703125 0.45416666666666666 0.5140625 0.4979166666666667
11 0.384375 0.45416666666666666 0.4296875 0.44166666666666665 0.4171875 0.37916666666666665 0.415625 0.37916666666666665 0.3765625 0.39375 0.384375 0.45416666666666666
8 0.3953125 0.65625 0.4390625 0.6479166666666667 0.434375 0.5916666666666667 0.428125 0.575 0.4171875 0.575 0.3875 0.5833333333333334 0.3953125 0.65625
10 0.5828125 0.5770833333333333 0.5875 0.5854166666666667 0.6234375 0.5854166666666667 0.6296875 0.5791666666666667 0.6328125 0.4625 0.59375 0.4583333333333333 0.590625 0.4583333333333333 0.5859375 0.46458333333333335 0.5828125 0.5770833333333333
9 0.4765625 0.54375 0.490625 0.55 0.5140625 0.5020833333333333 0.4859375 0.4708333333333333 0.4796875 0.4708333333333333 0.4546875 0.5166666666666667 0.4765625 0.54375
4 0.575 0.70625 0.5875 0.73125 0.6078125 0.7375 0.6234375 0.725 0.628125 0.70625 0.6234375 0.6854166666666667 0.6015625 0.6645833333333333 0.5921875 0.6645833333333333 0.5765625 0.6791666666666667 0.575 0.70625