7 0.3020453125 0.5067958333333333 0.27535937499999996 0.6201979166666667 0.31289375 0.6372645833333334 0.3419671875 0.52270625 0.3020453125 0.5067958333333333
12 0.36843750000000003 0.40236249999999996 0.3580234375 0.3942625 0.3165828125 0.3821104166666667 0.3139796875 0.4003375 0.31593125 0.4139333333333333 0.3144125 0.43910208333333334 0.310940625 0.46021875 0.30638437500000004 0.47265833333333335 0.3009609375 0.48625625 0.2985734375 0.4891479166666667 0.295753125 0.5018770833333334 0.33610937500000004 0.5160520833333334 0.34869374999999997 0.5177875000000001 0.36843750000000003 0.40236249999999996
14 0.3298171875 0.2666854166666666 0.31072500000000003 0.31875624999999996 0.4341796875 0.3986 0.4534890625 0.3453708333333333 0.3298171875 0.2666854166666666
5 0.47128125 0.27738749999999995 0.4519703125 0.3303291666666667 0.4912421875 0.35752083333333334 0.5109859375 0.303425 0.47128125 0.27738749999999995
1 0.5220515625 0.31499583333333336 0.5363703125 0.37140833333333334 0.5741234375000001 0.3514458333333333 0.5602375 0.2961916666666667 0.5220515625 0.31499583333333336
8 0.50773125 0.34595000000000004 0.46802656249999997 0.3980229166666666 0.4988359375 0.4393916666666666 0.5368046875 0.3841354166666667 0.50773125 0.34595000000000004
6 0.5211828125 0.4894375 0.5352859375000001 0.5374604166666667 0.6589578125 0.4715020833333333 0.6437703124999999 0.4208770833333333 0.5211828125 0.4894375
11 0.40109218750000003 0.3992020833333333 0.3925265625 0.47001041666666665 0.44163593749999996 0.47457916666666666 0.444490625 0.40110625 0.40109218750000003 0.3992020833333333
11 0.39366875 0.47419791666666666 0.396809375 0.5427208333333333 0.44192187499999996 0.5438645833333333 0.44334843749999997 0.47762499999999997 0.39366875 0.47419791666666666
9 0.475896875 0.5115062499999999 0.49445625 0.5628979166666667 0.5332859375 0.5434833333333333 0.51786875 0.48790208333333335 0.475896875 0.5115062499999999
13 0.5033078125 0.5819333333333333 0.5284328125 0.6264729166666666 0.5615515624999999 0.5944958333333333 0.532715625 0.5461479166666667 0.5033078125 0.5819333333333333
3 0.44363437499999997 0.5552854166666666 0.46105156249999996 0.6740583333333333 0.5021656250000001 0.6618770833333334 0.485890625 0.544625 0.44363437499999997 0.5552854166666666
4 0.47903906249999995 0.7456270833333334 0.48988750000000003 0.7460083333333334 0.5013078125 0.7429625000000001 0.5098734375 0.72583125 0.51244375 0.7102229166666666 0.5070187500000001 0.6942354166666667 0.4941703125 0.6812916666666666 0.481321875 0.6843375 0.4744703125 0.6900479166666666 0.46818906250000003 0.6980416666666667 0.46447656249999997 0.7128875 0.4667609375 0.722025 0.47275625000000004 0.7372520833333333 0.47903906249999995 0.7456270833333334
10 0.3853890625 0.5929729166666667 0.35598125 0.6321833333333333 0.4145125 0.7212645833333333 0.4456328125 0.6824333333333333 0.3853890625 0.5929729166666667