6 0.296875 0.4791666666666667 0.3171875 0.49166666666666664 0.328125 0.49166666666666664 0.3328125 0.48333333333333334 0.3765625 0.3625 0.3828125 0.325 0.35 0.3020833333333333 0.3453125 0.3020833333333333 0.2875 0.4625 0.296875 0.4791666666666667
5 0.3890625 0.5083333333333333 0.3953125 0.5645833333333333 0.4 0.56875 0.434375 0.5625 0.440625 0.55625 0.440625 0.5125 0.434375 0.49583333333333335 0.425 0.49583333333333335 0.3953125 0.5 0.3890625 0.5083333333333333
7 0.540625 0.59375 0.5578125 0.6583333333333333 0.5984375 0.6416666666666667 0.578125 0.5270833333333333 0.5703125 0.5270833333333333 0.5359375 0.5375 0.540625 0.59375
11 0.5171875 0.675 0.5375 0.625 0.496875 0.59375 0.4953125 0.59375 0.4734375 0.65 0.5171875 0.675
11 0.4 0.65625 0.4375 0.6479166666666667 0.446875 0.6395833333333333 0.434375 0.5666666666666667 0.4296875 0.5666666666666667 0.3921875 0.58125 0.4 0.65625
9 0.590625 0.5791666666666667 0.609375 0.6083333333333333 0.6453125 0.5791666666666667 0.6453125 0.5708333333333333 0.6234375 0.53125 0.6171875 0.53125 0.5875 0.55625 0.590625 0.5791666666666667
10 0.5984375 0.46458333333333335 0.6046875 0.46458333333333335 0.6671875 0.38125 0.6390625 0.3416666666666667 0.634375 0.3416666666666667 0.571875 0.42291666666666666 0.5984375 0.46458333333333335
3 0.571875 0.375 0.5765625 0.37083333333333335 0.6015625 0.25625 0.5640625 0.23958333333333334 0.5609375 0.23958333333333334 0.5328125 0.36041666666666666 0.571875 0.375
1 0.3484375 0.56875 0.353125 0.575 0.3859375 0.5729166666666666 0.39375 0.5666666666666667 0.3875 0.5083333333333333 0.3796875 0.5083333333333333 0.3453125 0.51875 0.3484375 0.56875
8 0.3921875 0.3729166666666667 0.428125 0.38958333333333334 0.45 0.39166666666666666 0.4609375 0.3375 0.4078125 0.31666666666666665 0.40625 0.31666666666666665 0.3953125 0.34375 0.3921875 0.3729166666666667
4 0.465625 0.20416666666666666 0.46875 0.24375 0.4828125 0.2604166666666667 0.5015625 0.25625 0.5109375 0.23958333333333334 0.5125 0.19791666666666666 0.4953125 0.17916666666666667 0.484375 0.17916666666666667 0.475 0.18541666666666667 0.465625 0.20416666666666666
13 0.43125 0.45625 0.46875 0.46041666666666664 0.4734375 0.45 0.4734375 0.4 0.4453125 0.39375 0.43125 0.39375 0.4265625 0.45 0.43125 0.45625
12 0.4609375 0.34791666666666665 0.4515625 0.39166666666666666 0.4625 0.3958333333333333 0.4703125 0.39375 0.4796875 0.3458333333333333 0.478125 0.3375 0.46875 0.3333333333333333 0.4546875 0.3333333333333333 0.4609375 0.3375 0.4609375 0.34791666666666665
12 0.378125 0.36041666666666666 0.384375 0.36875 0.3921875 0.3645833333333333 0.4015625 0.31875 0.4171875 0.31666666666666665 0.396875 0.30416666666666664 0.3890625 0.30416666666666664 0.378125 0.35 0.378125 0.36041666666666666