1 0.5375 0.48333333333333334 0.5453125 0.5270833333333333 0.5859375 0.51875 0.5796875 0.46458333333333335 0.540625 0.4666666666666667 0.5375 0.47291666666666665 0.5375 0.48333333333333334
3 0.359375 0.48125 0.4515625 0.48541666666666666 0.45625 0.43125 0.425 0.425 0.3609375 0.425 0.359375 0.4704166666666667 0.359375 0.48125
2 0.353125 0.5708333333333333 0.3578125 0.5791666666666667 0.4640625 0.575 0.4921875 0.5645833333333333 0.49375 0.5479166666666667 0.4875 0.5125 0.3765625 0.5166666666666667 0.353125 0.5208333333333334 0.353125 0.5583333333333333 0.353125 0.5708333333333333
4 0.5046875 0.66875 0.515625 0.6875 0.540625 0.6875 0.5515625 0.6708333333333333 0.553125 0.6479166666666667 0.5390625 0.6229166666666667 0.5234375 0.6208333333333333 0.5109375 0.63125 0.5046875 0.65 0.5046875 0.66875
5 0.584375 0.4895833333333333 0.590625 0.5395833333333333 0.634375 0.53125 0.6359375 0.5125 0.628125 0.4708333333333333 0.584375 0.48125 0.584375 0.4895833333333333
7 0.259375 0.49166666666666664 0.31875 0.5770833333333333 0.3265625 0.575 0.35 0.5458333333333333 0.35 0.525 0.2984375 0.45208333333333334 0.2859375 0.45208333333333334 0.259375 0.48333333333333334 0.259375 0.49166666666666664
6 0.4359375 0.42291666666666666 0.571875 0.4395833333333333 0.5765625 0.43333333333333335 0.5796875 0.3875 0.575 0.38125 0.521875 0.3729166666666667 0.4421875 0.36666666666666664 0.4359375 0.4083333333333333 0.4359375 0.42291666666666666
8 0.4921875 0.32916666666666666 0.515625 0.36666666666666664 0.521875 0.36666666666666664 0.559375 0.3145833333333333 0.5328125 0.275 0.5265625 0.275 0.4921875 0.31875 0.4921875 0.32916666666666666
9 0.5625 0.6166666666666667 0.603125 0.6416666666666667 0.6171875 0.6104166666666667 0.621875 0.5854166666666667 0.58125 0.5625 0.5625 0.6145833333333334 0.5625 0.6166666666666667
11 0.4890625 0.475 0.496875 0.5541666666666667 0.5125 0.5583333333333333 0.5421875 0.55 0.54375 0.53125 0.5328125 0.45208333333333334 0.4890625 0.46041666666666664 0.4890625 0.475
11 0.440625 0.31666666666666665 0.4421875 0.3645833333333333 0.4859375 0.3645833333333333 0.490625 0.28125 0.4484375 0.275 0.440625 0.3145833333333333 0.440625 0.31666666666666665
10 0.325 0.625 0.3734375 0.7208333333333333 0.3828125 0.71875 0.4125 0.6895833333333333 0.365625 0.5916666666666667 0.353125 0.5958333333333333 0.325 0.6208333333333333 0.325 0.625
13 0.346875 0.37916666666666665 0.3609375 0.42083333333333334 0.3828125 0.41875 0.4078125 0.39791666666666664 0.3953125 0.35833333333333334 0.3875 0.34791666666666665 0.346875 0.36666666666666664 0.346875 0.37916666666666665
15 0.421875 0.60625 0.434375 0.6520833333333333 0.5234375 0.6166666666666667 0.5109375 0.5625 0.4984375 0.5625 0.421875 0.5979166666666667 0.421875 0.60625
14 0.584375 0.7041666666666667 0.6171875 0.725 0.6265625 0.7229166666666667 0.6765625 0.5729166666666666 0.678125 0.5604166666666667 0.6734375 0.5541666666666667 0.640625 0.5354166666666667 0.634375 0.5416666666666666 0.6125 0.6291666666666667 0.6015625 0.6458333333333334 0.584375 0.6958333333333333 0.584375 0.7041666666666667