5 0.4421875 0.20625 0.4328125 0.22916666666666666 0.428125 0.26666666666666666 0.4359375 0.27708333333333335 0.4671875 0.2916666666666667 0.475 0.2833333333333333 0.484375 0.25 0.4828125 0.22083333333333333 0.44375 0.20416666666666666 0.4421875 0.20625
3 0.378125 0.25416666666666665 0.3671875 0.3020833333333333 0.3703125 0.3145833333333333 0.453125 0.34791666666666665 0.4640625 0.3104166666666667 0.4640625 0.28958333333333336 0.3875 0.25416666666666665 0.378125 0.25416666666666665
2 0.5125 0.30833333333333335 0.484375 0.3145833333333333 0.478125 0.3229166666666667 0.49375 0.47708333333333336 0.496875 0.49375 0.503125 0.5 0.540625 0.4875 0.53125 0.3645833333333333 0.5203125 0.30833333333333335 0.5125 0.30833333333333335
6 0.36875 0.4 0.3375 0.4125 0.334375 0.41875 0.3703125 0.5895833333333333 0.3859375 0.59375 0.4109375 0.5833333333333334 0.4140625 0.56875 0.3859375 0.43333333333333335 0.3734375 0.4 0.36875 0.4
14 0.60625 0.42083333333333334 0.56875 0.4270833333333333 0.578125 0.6020833333333333 0.5828125 0.6104166666666667 0.6234375 0.6041666666666666 0.6140625 0.43125 0.6078125 0.42083333333333334 0.60625 0.42083333333333334
12 0.490625 0.5354166666666667 0.453125 0.5625 0.4953125 0.675 0.53125 0.65 0.53125 0.6416666666666667 0.4921875 0.5354166666666667 0.490625 0.5354166666666667
10 0.453125 0.5833333333333334 0.421875 0.6041666666666666 0.4203125 0.6145833333333334 0.45625 0.7125 0.4640625 0.7166666666666667 0.49375 0.6958333333333333 0.496875 0.6854166666666667 0.4578125 0.5833333333333334 0.453125 0.5833333333333334
11 0.634375 0.6229166666666667 0.5953125 0.6375 0.6140625 0.7354166666666667 0.6578125 0.7208333333333333 0.6546875 0.6770833333333334 0.6375 0.6229166666666667 0.634375 0.6229166666666667
11 0.4546875 0.38958333333333334 0.4203125 0.41875 0.45 0.49166666666666664 0.4875 0.46875 0.4578125 0.38958333333333334 0.4546875 0.38958333333333334
13 0.4078125 0.33958333333333335 0.36875 0.3541666666666667 0.3765625 0.4083333333333333 0.38125 0.41458333333333336 0.4203125 0.4083333333333333 0.4234375 0.40208333333333335 0.4171875 0.35208333333333336 0.409375 0.33958333333333335 0.4078125 0.33958333333333335
1 0.471875 0.48125 0.4359375 0.5041666666666667 0.4546875 0.55625 0.49375 0.5333333333333333 0.4921875 0.5166666666666667 0.4765625 0.48125 0.471875 0.48125
7 0.525 0.49583333333333335 0.5015625 0.50625 0.49375 0.5208333333333334 0.525 0.6208333333333333 0.5359375 0.6270833333333333 0.5609375 0.6125 0.565625 0.59375 0.534375 0.49583333333333335 0.525 0.49583333333333335
9 0.646875 0.4041666666666667 0.6203125 0.4583333333333333 0.6625 0.4875 0.6859375 0.4354166666666667 0.6484375 0.4041666666666667 0.646875 0.4041666666666667
4 0.5546875 0.61875 0.5375 0.6333333333333333 0.5359375 0.6604166666666667 0.5484375 0.6833333333333333 0.565625 0.6875 0.5828125 0.66875 0.584375 0.64375 0.5734375 0.625 0.5625 0.61875 0.5546875 0.61875
8 0.5625 0.34375 0.53125 0.35833333333333334 0.54375 0.43125 0.5859375 0.41458333333333336 0.571875 0.34375 0.5625 0.34375