4 0.766090625 0.5094645833333333 0.75290625 0.5084458333333334 0.7456453125 0.51634375 0.7387671874999999 0.5275520833333334 0.7389578125 0.5489520833333333 0.7441171875 0.5622 0.7573015625 0.5700979166666666 0.7712484374999999 0.5711166666666667 0.77965625 0.5624541666666667 0.7844328125 0.5525187500000001 0.78500625 0.5400354166666667 0.7802296875 0.5242416666666666 0.7733515625 0.51405 0.766090625 0.5094645833333333
3 0.7173671875000001 0.4383875 0.7397234375 0.38998333333333335 0.66386875 0.32654791666666666 0.6418953125 0.3729145833333333 0.7173671875000001 0.4383875
12 0.6449515625 0.5351958333333333 0.7036109374999999 0.44017083333333334 0.6696 0.40348541666666665 0.6084578125 0.49825625 0.6449515625 0.5351958333333333
13 0.6315765625 0.4638625 0.6296671875000001 0.40577708333333334 0.5857203125 0.4067979166666667 0.587821875 0.46641041666666666 0.6315765625 0.4638625
1 0.6258453125 0.39864374999999996 0.6285203125 0.34285208333333334 0.5864843750000001 0.33724791666666665 0.5817078125 0.39584166666666665 0.6258453125 0.39864374999999996
8 0.493815625 0.3670541666666667 0.5452140625 0.39482291666666663 0.5603078125 0.3438708333333333 0.5605 0.3436166666666667 0.50871875 0.31482916666666666 0.493815625 0.3670541666666667
5 0.5614546875 0.46411874999999997 0.5612640625 0.40399375 0.5167437500000001 0.40246666666666664 0.5171265625 0.4656458333333333 0.5614546875 0.46411874999999997
10 0.6888984375 0.65824375 0.65851875 0.6090770833333334 0.58896875 0.6781166666666666 0.6162921875 0.7288125 0.6888984375 0.65824375
14 0.54884375 0.6816833333333334 0.6350171875 0.54105625 0.6011968750000001 0.5064083333333333 0.5169359375 0.6455062500000001 0.54884375 0.6816833333333334
11 0.509675 0.5943 0.5480796875 0.5683145833333333 0.515215625 0.47583749999999997 0.47604687500000004 0.5030958333333333 0.509675 0.5943
9 0.492478125 0.6778604166666666 0.5142609375 0.62945625 0.478721875 0.5999041666666667 0.45713125000000004 0.6503479166666666 0.492478125 0.6778604166666666
11 0.4735625 0.5466604166666666 0.47451875 0.48730208333333336 0.40630625 0.48475416666666665 0.40515937500000004 0.5448770833333333 0.4735625 0.5466604166666666
6 0.44413749999999996 0.4676854166666667 0.461334375 0.41673333333333334 0.33541875 0.34081458333333337 0.319178125 0.39482291666666663 0.44413749999999996 0.4676854166666667
2 0.4298078125 0.7135270833333334 0.39159375 0.5415645833333333 0.349940625 0.5563416666666666 0.39063906249999997 0.7288125 0.4298078125 0.7135270833333334
7 0.3749703125 0.68295625 0.3484125 0.5726458333333333 0.307140625 0.5861479166666667 0.3348453125 0.7013 0.3749703125 0.68295625