1 0.496875 0.5333333333333333 0.459375 0.5604166666666667 0.459375 0.5666666666666667 0.4796875 0.6104166666666667 0.51875 0.5854166666666667 0.515625 0.5666666666666667 0.496875 0.5333333333333333
8 0.3859375 0.6770833333333334 0.3859375 0.6833333333333333 0.40625 0.7270833333333333 0.4546875 0.6916666666666667 0.4328125 0.6395833333333333 0.3859375 0.6770833333333334
3 0.496875 0.25833333333333336 0.409375 0.2833333333333333 0.409375 0.2875 0.4203125 0.33958333333333335 0.509375 0.3125 0.50625 0.28125 0.496875 0.25833333333333336
2 0.56875 0.35625 0.565625 0.32083333333333336 0.55625 0.3020833333333333 0.428125 0.3416666666666667 0.428125 0.34791666666666665 0.4375 0.3958333333333333 0.503125 0.38125 0.5640625 0.3625 0.56875 0.35625
5 0.475 0.4791666666666667 0.46875 0.47291666666666665 0.4265625 0.49166666666666664 0.4265625 0.4979166666666667 0.440625 0.5458333333333333 0.4609375 0.5416666666666666 0.484375 0.525 0.475 0.4791666666666667
6 0.46875 0.5958333333333333 0.45625 0.5645833333333333 0.44375 0.55625 0.334375 0.65 0.334375 0.6583333333333333 0.3546875 0.6979166666666666 0.3640625 0.6958333333333333 0.46875 0.6041666666666666 0.46875 0.5958333333333333
7 0.70625 0.41458333333333336 0.6734375 0.37916666666666665 0.615625 0.46875 0.615625 0.47291666666666665 0.6421875 0.5041666666666667 0.6515625 0.50625 0.7015625 0.43125 0.70625 0.41458333333333336
11 0.5671875 0.4875 0.5328125 0.49375 0.5203125 0.5020833333333333 0.5203125 0.5083333333333333 0.5328125 0.5708333333333333 0.575 0.5583333333333333 0.5765625 0.5416666666666666 0.5671875 0.4875
11 0.596875 0.55 0.596875 0.55625 0.60625 0.6125 0.6484375 0.6 0.64375 0.5375 0.596875 0.55
9 0.6015625 0.37916666666666665 0.5828125 0.4270833333333333 0.5828125 0.43333333333333335 0.621875 0.4583333333333333 0.6375 0.43125 0.6421875 0.40625 0.6015625 0.37916666666666665
10 0.559375 0.37083333333333335 0.54375 0.36666666666666664 0.5125 0.37916666666666665 0.5125 0.3854166666666667 0.5296875 0.49166666666666664 0.5703125 0.48333333333333334 0.571875 0.45416666666666666 0.559375 0.37083333333333335
4 0.415625 0.5541666666666667 0.4 0.5333333333333333 0.3859375 0.53125 0.375 0.5375 0.3625 0.55625 0.3625 0.5708333333333333 0.3734375 0.5916666666666667 0.390625 0.5979166666666667 0.4125 0.5770833333333333 0.415625 0.5541666666666667
13 0.503125 0.4083333333333333 0.496875 0.39166666666666666 0.45625 0.3958333333333333 0.45625 0.4083333333333333 0.459375 0.45208333333333334 0.5 0.45208333333333334 0.5046875 0.44583333333333336 0.503125 0.4083333333333333
15 0.54375 0.6297625 0.5296875 0.5880958333333334 0.521875 0.5839291666666667 0.44375 0.6360125 0.44375 0.6401791666666666 0.459375 0.6860125 0.4640625 0.6880958333333334 0.5390625 0.6422625 0.54375 0.6297625
14 0.375 0.5354166666666667 0.4046875 0.5166666666666667 0.4109375 0.5104166666666666 0.4109375 0.5 0.3921875 0.46041666666666664 0.3859375 0.46041666666666664 0.2734375 0.5541666666666667 0.2734375 0.5583333333333333 0.2921875 0.5979166666666667 0.303125 0.6020833333333333 0.365625 0.55 0.375 0.5354166666666667