4 0.7185140624999999 0.3336020833333333 0.7059031250000001 0.3369145833333333 0.6940578125 0.34736041666666667 0.689853125 0.36264583333333333 0.6940578125 0.3909229166666667 0.7064765625 0.39983958333333336 0.7183234374999999 0.39983958333333336 0.7250109375 0.3983125 0.7332265625 0.3863375 0.7376203125 0.374875 0.73819375 0.3578041666666667 0.7362828125 0.35296458333333336 0.7294046875 0.33971666666666667 0.7185140624999999 0.3336020833333333
12 0.735328125 0.5570270833333333 0.7263484375 0.543525 0.717559375 0.52441875 0.7093421875 0.5053104166666667 0.70475625 0.4938458333333333 0.7038015625 0.48365625 0.69940625 0.47677708333333335 0.6948218749999999 0.47626875 0.664059375 0.5053104166666667 0.6617656249999999 0.5086229166666667 0.673803125 0.5450541666666666 0.6900453125 0.5761333333333333 0.700553125 0.5982979166666667 0.7064765625 0.6133291666666667 0.714884375 0.6112916666666667 0.7496578125 0.5819937500000001 0.7425890625 0.5677270833333333 0.735328125 0.5570270833333333
7 0.6275640625000001 0.5516770833333333 0.6762875 0.6520520833333333 0.7091515625 0.6270854166666666 0.661575 0.5233979166666667 0.6275640625000001 0.5516770833333333
6 0.498975 0.6036479166666666 0.50604375 0.6640270833333334 0.6405578125 0.6255583333333333 0.6325328125 0.5705291666666666 0.498975 0.6036479166666666
5 0.5559140625000001 0.5233979166666667 0.5668046875 0.5822479166666666 0.607884375 0.5725666666666667 0.599478125 0.5111708333333334 0.5559140625000001 0.5233979166666667
13 0.4408890625 0.6293791666666666 0.466684375 0.67701875 0.501459375 0.6446645833333334 0.5010765625 0.64491875 0.4766203125 0.5975333333333332 0.4408890625 0.6293791666666666
11 0.4361125 0.6841520833333333 0.4433734375 0.7516625 0.4875109375 0.7427458333333333 0.48216093750000005 0.67498125 0.4361125 0.6841520833333333
11 0.39063906249999997 0.6270854166666666 0.4003828125 0.6854250000000001 0.4462390625 0.676 0.43745 0.6168958333333333 0.39063906249999997 0.6270854166666666
1 0.41299374999999994 0.5537145833333333 0.4135671875 0.613075 0.45846875000000004 0.6115458333333332 0.4578953125 0.5537145833333333 0.41299374999999994 0.5537145833333333
3 0.3990453125 0.6069604166666667 0.3275859375 0.5366458333333333 0.2998796875 0.5837770833333333 0.3732515625 0.65561875 0.3990453125 0.6079791666666666 0.3990453125 0.6069604166666667
9 0.4607609375 0.5789354166666667 0.500503125 0.5990625 0.5176999999999999 0.5417416666666667 0.47700156250000003 0.5218708333333333 0.4607609375 0.5789354166666667
14 0.4812046875 0.48747708333333334 0.508528125 0.5338437500000001 0.619921875 0.43092083333333336 0.594128125 0.38404583333333336 0.4812046875 0.48747708333333334
2 0.42006249999999995 0.46735208333333333 0.44834218750000004 0.5088770833333334 0.5452140625 0.3817520833333334 0.5161718750000001 0.34226458333333337 0.42006249999999995 0.46735208333333333
10 0.41757968749999996 0.37461875 0.4462390625 0.4225145833333333 0.5129234375 0.33844375 0.484071875 0.2938604166666667 0.41757968749999996 0.37461875
8 0.2845953125 0.4018791666666666 0.3115359375 0.4724479166666667 0.3516609375 0.44773541666666666 0.32739375000000004 0.37640208333333336 0.2845953125 0.4018791666666666