5 0.675 0.5770833333333333 0.6828125 0.6041666666666666 0.6953125 0.625 0.70625 0.63125 0.7171875 0.6291666666666667 0.7453125 0.5979166666666667 0.7453125 0.59375 0.728125 0.5604166666666667 0.7125 0.5479166666666667 0.703125 0.5479166666666667 0.675 0.5770833333333333
6 0.3734375 0.7125 0.40625 0.7458333333333333 0.4890625 0.6125 0.490625 0.6104166666666667 0.471875 0.5791666666666667 0.45625 0.5729166666666666 0.3734375 0.7 0.3734375 0.7125
7 0.3796875 0.5395833333333333 0.3953125 0.5916666666666667 0.4796875 0.55 0.4796875 0.5458333333333333 0.4640625 0.49583333333333335 0.4515625 0.49583333333333335 0.4453125 0.50625 0.3796875 0.5395833333333333
1 0.5078125 0.6270833333333333 0.5390625 0.5916666666666667 0.5390625 0.5854166666666667 0.5140625 0.5479166666666667 0.5046875 0.5479166666666667 0.478125 0.5854166666666667 0.5078125 0.6270833333333333
2 0.465625 0.48333333333333334 0.55625 0.60625 0.565625 0.6020833333333333 0.5890625 0.5708333333333333 0.5890625 0.5645833333333333 0.5 0.44375 0.490625 0.44166666666666665 0.4671875 0.47291666666666665 0.465625 0.48333333333333334
3 0.54375 0.68125 0.5515625 0.7104166666666667 0.6421875 0.69375 0.6421875 0.68125 0.6375 0.6395833333333333 0.6328125 0.6333333333333333 0.54375 0.6520833333333333 0.54375 0.68125
13 0.5234375 0.33958333333333335 0.521875 0.38333333333333336 0.5640625 0.39375 0.56875 0.3875 0.571875 0.35833333333333334 0.571875 0.346875 0.571875 0.33541666666666664 0.565625 0.33125 0.5296875 0.32916666666666666 0.5234375 0.33958333333333335
14 0.34375 0.42916666666666664 0.4515625 0.49166666666666664 0.4578125 0.49166666666666664 0.4734375 0.4479166666666667 0.4734375 0.4395833333333333 0.35625 0.36875 0.3453125 0.37083333333333335 0.33125 0.41458333333333336 0.34375 0.42916666666666664
15 0.6140625 0.625 0.63125 0.625 0.6578125 0.6166666666666667 0.6578125 0.60625 0.6453125 0.49583333333333335 0.6 0.5020833333333333 0.609375 0.61875 0.6140625 0.625
4 0.4828125 0.32083333333333336 0.5 0.33958333333333335 0.5140625 0.33958333333333335 0.528125 0.3229166666666667 0.53125 0.30833333333333335 0.53125 0.29583333333333334 0.5203125 0.275 0.4984375 0.27291666666666664 0.4828125 0.29375 0.4828125 0.32083333333333336
10 0.5328125 0.29791666666666666 0.5328125 0.32083333333333336 0.621875 0.29791666666666666 0.621875 0.28958333333333336 0.6125 0.23958333333333334 0.5375 0.25625 0.521875 0.26666666666666666 0.5328125 0.29791666666666666
9 0.4828125 0.68125 0.490625 0.6916666666666667 0.5234375 0.7 0.5296875 0.6916666666666667 0.5359375 0.65 0.5359375 0.6479166666666667 0.5328125 0.6395833333333333 0.51875 0.63125 0.490625 0.6291666666666667 0.4828125 0.68125
11 0.4484375 0.41875 0.490625 0.4041666666666667 0.4921875 0.40208333333333335 0.4796875 0.3333333333333333 0.4359375 0.34791666666666665 0.4359375 0.36875 0.4484375 0.41875
11 0.56875 0.4125 0.56875 0.40208333333333335 0.5171875 0.3875 0.5078125 0.44583333333333336 0.5609375 0.46041666666666664 0.56875 0.4125
8 0.5953125 0.42083333333333334 0.6484375 0.4270833333333333 0.653125 0.3875 0.653125 0.36875 0.6296875 0.36041666666666666 0.596875 0.36041666666666666 0.590625 0.41458333333333336 0.5953125 0.42083333333333334