2 0.584375 0.17083333333333334 0.5234375 0.32916666666666666 0.5265625 0.3416666666666667 0.553125 0.35833333333333334 0.565625 0.3541666666666667 0.6234375 0.2 0.6203125 0.19166666666666668 0.5890625 0.17083333333333334 0.584375 0.17083333333333334
14 0.528125 0.36041666666666666 0.4765625 0.51875 0.478125 0.5291666666666667 0.5140625 0.55 0.5671875 0.3875 0.5625 0.375 0.5296875 0.35833333333333334 0.528125 0.36041666666666666
6 0.4703125 0.375 0.4390625 0.38333333333333336 0.428125 0.39375 0.4015625 0.39375 0.34375 0.41041666666666665 0.340625 0.4166666666666667 0.3484375 0.4625 0.3578125 0.4708333333333333 0.384375 0.45625 0.4828125 0.4354166666666667 0.4796875 0.38958333333333334 0.471875 0.375 0.4703125 0.375
1 0.475 0.29791666666666666 0.459375 0.35625 0.4984375 0.37916666666666665 0.515625 0.3375 0.5171875 0.32083333333333336 0.478125 0.29791666666666666 0.475 0.29791666666666666
5 0.390625 0.31875 0.3859375 0.325 0.3859375 0.36041666666666666 0.3921875 0.3875 0.4328125 0.3854166666666667 0.4375 0.375 0.4328125 0.32083333333333336 0.3984375 0.31875 0.390625 0.31875
13 0.3609375 0.32708333333333334 0.321875 0.35208333333333336 0.340625 0.40625 0.38125 0.38333333333333336 0.3796875 0.36666666666666664 0.3625 0.32708333333333334 0.3609375 0.32708333333333334
11 0.55 0.5791666666666667 0.5171875 0.6145833333333334 0.5359375 0.6541666666666667 0.559375 0.6916666666666667 0.5640625 0.6916666666666667 0.5953125 0.6604166666666667 0.5546875 0.5791666666666667 0.55 0.5791666666666667
9 0.609375 0.5458333333333333 0.584375 0.5916666666666667 0.60625 0.6166666666666667 0.6234375 0.6270833333333333 0.6484375 0.5770833333333333 0.615625 0.5458333333333333 0.609375 0.5458333333333333
7 0.56875 0.38958333333333334 0.5578125 0.5125 0.5984375 0.5208333333333334 0.603125 0.5083333333333333 0.6109375 0.4 0.5703125 0.38958333333333334 0.56875 0.38958333333333334
10 0.48125 0.55625 0.45 0.5833333333333334 0.4484375 0.5916666666666667 0.4921875 0.675 0.503125 0.6854166666666667 0.528125 0.6645833333333333 0.5328125 0.6479166666666667 0.4828125 0.5541666666666667 0.48125 0.55625
12 0.384375 0.46041666666666664 0.3625 0.50625 0.43125 0.575 0.440625 0.5729166666666666 0.4609375 0.5291666666666667 0.390625 0.46041666666666664 0.384375 0.46041666666666664
8 0.65 0.43125 0.6109375 0.4395833333333333 0.615625 0.5083333333333333 0.6203125 0.5166666666666667 0.6625 0.50625 0.659375 0.44583333333333336 0.6515625 0.43125 0.65 0.43125
4 0.4078125 0.575 0.3875 0.5916666666666667 0.384375 0.6166666666666667 0.39375 0.6375 0.4125 0.64375 0.4234375 0.6375 0.434375 0.61875 0.4328125 0.5875 0.4171875 0.575 0.4078125 0.575
3 0.3734375 0.22291666666666668 0.3671875 0.2625 0.3703125 0.2875 0.45625 0.30833333333333335 0.4640625 0.24375 0.3828125 0.22291666666666668 0.3734375 0.22291666666666668
11 0.5234375 0.19166666666666668 0.503125 0.22083333333333333 0.4875 0.2604166666666667 0.4875 0.26875 0.5203125 0.29791666666666666 0.5328125 0.2833333333333333 0.559375 0.22708333333333333 0.5265625 0.19166666666666668 0.5234375 0.19166666666666668