11 0.292321875 0.4635875 0.27401718750000004 0.5061416666666667 0.27331249999999996 0.5530770833333333 0.3188390625 0.5690354166666667 0.3333890625 0.48205 0.292321875 0.4635875
6 0.3066359375 0.2974395833333333 0.2841078125 0.34375 0.39675 0.44856874999999996 0.41880937500000004 0.4019479166666667 0.3066359375 0.2974395833333333
3 0.35990625 0.2686541666666667 0.3355015625 0.31339791666666666 0.408484375 0.38692916666666666 0.43382812499999995 0.34187083333333335 0.35990625 0.2686541666666667
2 0.325175 0.6669708333333334 0.34535781249999997 0.7176604166666666 0.4669171875 0.6325520833333333 0.4467359375 0.5828020833333334 0.325175 0.6669708333333334
14 0.33503125 0.5903104166666666 0.354509375 0.6406875 0.4770078125 0.55589375 0.4547140625 0.5045770833333333 0.33503125 0.5903104166666666
5 0.45917343749999995 0.3906833333333333 0.4375828125 0.4457541666666666 0.47513125 0.47391458333333336 0.4981296875 0.4263541666666667 0.45917343749999995 0.3906833333333333
13 0.43570624999999996 0.33874375 0.4486125 0.39725416666666663 0.49061875 0.38129583333333333 0.4765390625 0.32122083333333334 0.43570624999999996 0.33874375
1 0.5110359375 0.28367291666666666 0.483109375 0.3337354166666667 0.515025 0.36878124999999995 0.544359375 0.31965625000000003 0.5110359375 0.28367291666666666
8 0.514321875 0.44794375000000003 0.46715156249999995 0.4861166666666667 0.4889765625 0.5355541666666667 0.53638125 0.49738125 0.514321875 0.44794375000000003
11 0.49249687499999995 0.5928145833333333 0.49155781249999997 0.6522645833333333 0.56853125 0.6535166666666666 0.5671234375 0.5925020833333333 0.49249687499999995 0.5928145833333333
7 0.49155781249999997 0.6582104166666666 0.49202812500000004 0.7129666666666666 0.5819062500000001 0.7126541666666667 0.5826109374999999 0.6550812500000001 0.49155781249999997 0.6582104166666666
12 0.5525734375 0.5749791666666667 0.566653125 0.5727895833333334 0.576509375 0.5734145833333333 0.585896875 0.5853041666666667 0.5919984375 0.59594375 0.595753125 0.6103375 0.59645625 0.62629375 0.5927015625000001 0.63568125 0.603028125 0.64569375 0.6243828125 0.5950041666666667 0.544828125 0.5336770833333334 0.5239421875 0.58155 0.5326265625 0.5928145833333333 0.5377890625 0.5896854166666666 0.543890625 0.5812375000000001 0.5525734375 0.5749791666666667
9 0.6342390625000001 0.5677833333333333 0.6192203125 0.6206625 0.65770625 0.64475625 0.6762453125000001 0.5934395833333334 0.6342390625000001 0.5677833333333333
10 0.5361453125 0.38598958333333333 0.525115625 0.44543958333333333 0.608425 0.48079791666666666 0.6229750000000001 0.42040833333333333 0.5361453125 0.38598958333333333
4 0.64010625 0.40820625 0.6513703125 0.40726666666666667 0.6614609375 0.40132291666666664 0.6694390625 0.38849375 0.672725 0.373475 0.6675625000000001 0.3547 0.6605218749999999 0.3462520833333333 0.64526875 0.3446875 0.6363515625 0.34906875 0.626025 0.3578291666666667 0.6222703125 0.384425 0.623209375 0.38911874999999996 0.6316578125000001 0.40132291666666664 0.64010625 0.40820625