1 0.5375 0.425 0.5328125 0.43333333333333335 0.5328125 0.4875 0.5734375 0.4895833333333333 0.578125 0.47708333333333336 0.5796875 0.43125 0.546875 0.425 0.5375 0.425
3 0.371875 0.5041666666666667 0.35625 0.5604166666666667 0.440625 0.60625 0.45625 0.5520833333333334 0.378125 0.5041666666666667 0.371875 0.5041666666666667
8 0.4578125 0.6979166666666666 0.409375 0.7291666666666666 0.428125 0.7854166666666667 0.459375 0.7708333333333334 0.478125 0.7520833333333333 0.4609375 0.6979166666666666 0.4578125 0.6979166666666666
5 0.5 0.43125 0.471875 0.4395833333333333 0.475 0.48541666666666666 0.4828125 0.5020833333333333 0.521875 0.49166666666666664 0.51875 0.4375 0.5078125 0.43125 0.5 0.43125
7 0.534375 0.22916666666666666 0.5203125 0.24791666666666667 0.5125 0.275 0.5796875 0.3375 0.5890625 0.33958333333333335 0.609375 0.29375 0.5453125 0.23125 0.534375 0.22708333333333333 0.534375 0.22916666666666666
9 0.5515625 0.3416666666666667 0.546875 0.4041666666666667 0.590625 0.4083333333333333 0.596875 0.35208333333333336 0.5640625 0.3416666666666667 0.5515625 0.3416666666666667
4 0.4015625 0.275 0.3859375 0.28958333333333336 0.3828125 0.3125 0.4 0.34791666666666665 0.415625 0.35208333333333336 0.4328125 0.33541666666666664 0.434375 0.3125 0.428125 0.28958333333333336 0.409375 0.275 0.4015625 0.275
11 0.6203125 0.44375 0.5859375 0.45208333333333334 0.5921875 0.5125 0.596875 0.5166666666666667 0.6421875 0.50625 0.634375 0.46041666666666664 0.6265625 0.44375 0.6203125 0.44375
11 0.5828125 0.15416666666666667 0.578125 0.17291666666666666 0.578125 0.23333333333333334 0.5890625 0.24166666666666667 0.5984375 0.2375 0.6 0.24375 0.6296875 0.2375 0.6328125 0.17708333333333334 0.5859375 0.15416666666666667 0.5828125 0.15416666666666667
14 0.39375 0.4479166666666667 0.375 0.49375 0.3765625 0.5020833333333333 0.453125 0.5458333333333333 0.49375 0.5770833333333333 0.5015625 0.5729166666666666 0.515625 0.53125 0.5109375 0.5208333333333334 0.3953125 0.4479166666666667 0.39375 0.4479166666666667
12 0.478125 0.37083333333333335 0.4484375 0.38333333333333336 0.3953125 0.3875 0.3984375 0.44583333333333336 0.409375 0.45208333333333334 0.45 0.44583333333333336 0.490625 0.42916666666666664 0.4828125 0.37083333333333335 0.478125 0.37083333333333335
13 0.5984375 0.3770833333333333 0.5921875 0.4354166666666667 0.634375 0.4395833333333333 0.640625 0.42291666666666666 0.6390625 0.37916666666666665 0.6078125 0.3770833333333333 0.5984375 0.3770833333333333
10 0.3390625 0.5666666666666667 0.321875 0.61875 0.403125 0.66875 0.421875 0.6145833333333334 0.3453125 0.5666666666666667 0.3390625 0.5666666666666667