2 0.365625 0.3333333333333333 0.390625 0.36041666666666666 0.4046875 0.34791666666666665 0.4796875 0.22708333333333333 0.4796875 0.21666666666666667 0.4484375 0.18125 0.4453125 0.18125 0.3609375 0.31666666666666665 0.365625 0.3333333333333333
3 0.5734375 0.4666666666666667 0.590625 0.5145833333333333 0.6734375 0.4625 0.65625 0.41041666666666665 0.6515625 0.41041666666666665 0.575 0.4583333333333333 0.5734375 0.4666666666666667
1 0.5765625 0.6604166666666667 0.596875 0.6520833333333333 0.6140625 0.6291666666666667 0.59375 0.58125 0.5890625 0.58125 0.5546875 0.6104166666666667 0.5765625 0.6604166666666667
14 0.5046875 0.3145833333333333 0.578125 0.4479166666666667 0.584375 0.45 0.6109375 0.4270833333333333 0.615625 0.4125 0.5359375 0.27291666666666664 0.53125 0.27291666666666664 0.503125 0.30416666666666664 0.5046875 0.3145833333333333
12 0.5265625 0.4583333333333333 0.5328125 0.46041666666666664 0.565625 0.42291666666666666 0.5109375 0.32708333333333334 0.509375 0.325 0.475 0.3645833333333333 0.5265625 0.4583333333333333
13 0.61875 0.6166666666666667 0.6578125 0.5916666666666667 0.6375 0.5375 0.63125 0.5375 0.5953125 0.5645833333333333 0.61875 0.6166666666666667
4 0.59375 0.6729166666666667 0.609375 0.7 0.628125 0.7020833333333333 0.6421875 0.6875 0.6453125 0.6625 0.634375 0.6416666666666667 0.61875 0.6333333333333333 0.6171875 0.6333333333333333 0.596875 0.6541666666666667 0.59375 0.6729166666666667
7 0.3875 0.45208333333333334 0.40625 0.44375 0.465625 0.3875 0.4421875 0.3416666666666667 0.4375 0.3416666666666667 0.3671875 0.40625 0.3875 0.45208333333333334
6 0.3515625 0.4875 0.3859375 0.65 0.3890625 0.65625 0.3984375 0.65625 0.4265625 0.64375 0.4296875 0.63125 0.3921875 0.46458333333333335 0.3875 0.46458333333333335 0.3546875 0.47708333333333336 0.3515625 0.4875
9 0.484375 0.2 0.4984375 0.24375 0.5359375 0.22291666666666668 0.5375 0.2 0.5234375 0.15625 0.5171875 0.15625 0.4828125 0.17916666666666667 0.484375 0.2
10 0.4328125 0.49583333333333335 0.50625 0.42916666666666664 0.5 0.41041666666666665 0.48125 0.38333333333333336 0.478125 0.38333333333333336 0.409375 0.45 0.4328125 0.49583333333333335
11 0.509375 0.6208333333333333 0.55 0.59375 0.525 0.5354166666666667 0.521875 0.5354166666666667 0.4890625 0.5583333333333333 0.509375 0.6208333333333333
11 0.4609375 0.3729166666666667 0.50625 0.325 0.503125 0.3104166666666667 0.48125 0.27291666666666664 0.4765625 0.27291666666666664 0.4359375 0.32708333333333334 0.4609375 0.3729166666666667
8 0.421875 0.55625 0.428125 0.5729166666666666 0.453125 0.575 0.4796875 0.5625 0.4765625 0.5041666666666667 0.46666718749999997 0.5041666666666667 0.421875 0.5083333333333333 0.421875 0.55625
5 0.525 0.53125 0.54375 0.5666666666666667 0.5671875 0.5520833333333334 0.58125 0.5354166666666667 0.5625 0.48541666666666666 0.55625 0.48541666666666666 0.521875 0.5125 0.525 0.53125