7 0.37658281250000003 0.27914999999999995 0.3178921875 0.36933333333333335 0.3497421875 0.4055958333333333 0.40700156249999997 0.31445833333333334 0.37658281250000003 0.27914999999999995
14 0.3719296875 0.3869875 0.2792421875 0.5158208333333333 0.3096609375 0.5573333333333333 0.4041390625 0.4285 0.3719296875 0.3869875
10 0.3830234375 0.46285624999999997 0.325765625 0.5530395833333334 0.3551109375 0.5916895833333334 0.41523281250000005 0.50150625 0.3830234375 0.46285624999999997
9 0.40700156249999997 0.31923124999999997 0.379803125 0.36551458333333336 0.414875 0.39891666666666664 0.44099843749999995 0.3540625 0.40700156249999997 0.31923124999999997
5 0.3275546875 0.6222270833333333 0.3139546875 0.6818729166666666 0.3608359375 0.6995270833333334 0.37479375 0.6427458333333332 0.3275546875 0.6222270833333333
11 0.3912 0.5936770833333332 0.3861984375 0.6627020833333332 0.43032031249999997 0.6768208333333334 0.4394390625 0.6089708333333334 0.3912 0.5936770833333332
11 0.3923765625 0.5917145833333334 0.43855625 0.6046583333333333 0.45238125 0.53131875 0.4135546875 0.5191604166666667 0.3923765625 0.5917145833333334
12 0.4382625 0.3634604166666667 0.422378125 0.4846479166666667 0.46355781250000005 0.49523541666666665 0.48267812499999996 0.37365624999999997 0.4382625 0.3634604166666667
1 0.47061875000000003 0.2877666666666666 0.44061562500000007 0.3281625 0.469440625 0.36895 0.49885624999999995 0.32933958333333335 0.47061875000000003 0.2877666666666666
8 0.4865015625 0.36620625 0.492384375 0.417975 0.5488593749999999 0.40071875 0.538565625 0.34424375 0.4865015625 0.36620625
4 0.526896875 0.5080145833333334 0.5365078125 0.5118895833333333 0.54545 0.5086104166666667 0.5559546875 0.4993708333333334 0.5610968749999999 0.48059583333333333 0.5579671875 0.46181875 0.5485781249999999 0.4522833333333333 0.5376265625000001 0.4484083333333333 0.5284609375 0.4510895833333333 0.5195203125 0.45704999999999996 0.51415625 0.47612499999999996 0.5170625 0.4895375 0.5215328125 0.5008625 0.526896875 0.5080145833333334
3 0.5740609375 0.30088125 0.532484375 0.31548541666666663 0.5523781249999999 0.43171875 0.5526015625 0.4314208333333333 0.5935078125000001 0.41711458333333334 0.5740609375 0.30088125
13 0.5830015625 0.32800208333333336 0.5928375 0.38731041666666666 0.6382125000000001 0.37687916666666665 0.6290484375000001 0.31429375 0.5830015625 0.32800208333333336