4 0.4546875 0.46458333333333335 0.4671875 0.4875 0.4828125 0.49166666666666664 0.5015625 0.47708333333333336 0.5046875 0.45208333333333334 0.49375 0.43125 0.4765625 0.4270833333333333 0.4609375 0.4375 0.4546875 0.45416666666666666 0.4546875 0.46458333333333335
1 0.440625 0.5333333333333333 0.4515625 0.5458333333333333 0.48125 0.5604166666666667 0.496875 0.5208333333333334 0.496875 0.5083333333333333 0.4578125 0.48541666666666666 0.440625 0.53125 0.440625 0.5333333333333333
2 0.46875 0.39791666666666664 0.603125 0.4125 0.609375 0.3958333333333333 0.609375 0.35625 0.4734375 0.33958333333333335 0.46875 0.3875 0.46875 0.39791666666666664
3 0.5578125 0.46458333333333335 0.5625 0.47291666666666665 0.640625 0.50625 0.6546875 0.45208333333333334 0.584375 0.4166666666666667 0.5671875 0.41458333333333336 0.5578125 0.45625 0.5578125 0.46458333333333335
8 0.5890625 0.5458333333333333 0.5953125 0.6 0.6390625 0.5916666666666667 0.6390625 0.5375 0.6328125 0.51875 0.5890625 0.5229166666666667 0.5890625 0.534375 0.5890625 0.5458333333333333
5 0.5953125 0.6458333333333334 0.6 0.6666666666666666 0.64375 0.6645833333333333 0.6453125 0.6083333333333333 0.6375 0.6 0.596875 0.6020833333333333 0.5953125 0.6354166666666666 0.5953125 0.6458333333333334
6 0.3828125 0.5875 0.48125 0.7020833333333333 0.4875 0.7 0.5109375 0.6645833333333333 0.50625 0.6458333333333334 0.415625 0.5395833333333333 0.409375 0.5395833333333333 0.3828125 0.5791666666666667 0.3828125 0.5875
7 0.41875 0.39375 0.4453125 0.4 0.465625 0.3958333333333333 0.465625 0.35625 0.4734375 0.29791666666666666 0.4734375 0.2833333333333333 0.46875 0.27708333333333335 0.4265625 0.275 0.41875 0.38125 0.41875 0.39375
14 0.29375 0.5708333333333333 0.3953125 0.6833333333333333 0.4046875 0.6770833333333334 0.425 0.6416666666666667 0.4140625 0.6229166666666667 0.3265625 0.525 0.31875 0.525 0.29375 0.5645833333333333 0.29375 0.5708333333333333
15 0.296875 0.5020833333333333 0.3875 0.5375 0.39375 0.5270833333333333 0.4 0.48125 0.3078125 0.4479166666666667 0.296875 0.4979166666666667 0.296875 0.5020833333333333
13 0.484375 0.575 0.5234375 0.5979166666666667 0.5421875 0.5479166666666667 0.5 0.5208333333333334 0.4828125 0.5729166666666666 0.484375 0.575
11 0.503125 0.425 0.5125 0.5166666666666667 0.5546875 0.5125 0.55625 0.4666666666666667 0.546875 0.41458333333333336 0.521875 0.41458333333333336 0.5015625 0.42291666666666666 0.503125 0.425
9 0.4015625 0.4625 0.4109375 0.5020833333333333 0.45 0.49375 0.4546875 0.4875 0.446875 0.4354166666666667 0.4015625 0.44375 0.4015625 0.4625
10 0.2953125 0.3729166666666667 0.365625 0.4395833333333333 0.3765625 0.4354166666666667 0.3953125 0.39791666666666664 0.390625 0.3875 0.3234375 0.325 0.315625 0.32916666666666666 0.2953125 0.36666666666666664 0.2953125 0.3729166666666667
11 0.665625 0.4875 0.6734375 0.5708333333333333 0.7171875 0.5666666666666667 0.721875 0.525 0.7140625 0.48125 0.6984375 0.47708333333333336 0.665625 0.48541666666666666 0.665625 0.4875