11 0.5171171875 0.23828333333333335 0.5751078125 0.23316875 0.57014375 0.17088958333333334 0.512378125 0.15584583333333332 0.5171171875 0.23828333333333335
9 0.4266328125 0.24520208333333335 0.4706328125 0.24249375 0.467925 0.17570416666666666 0.423925 0.17931458333333333 0.4266328125 0.24520208333333335
8 0.4780796875 0.35591875 0.5383265625 0.35531875 0.536296875 0.2936416666666667 0.47717656249999996 0.29695 0.4780796875 0.35591875
12 0.5426140625 0.35140625000000003 0.5383265625 0.3589291666666667 0.51328125 0.3631395833333333 0.488459375 0.3622375 0.47717656249999996 0.3610333333333333 0.47334062499999996 0.35291041666666667 0.47356718750000004 0.29755208333333333 0.462284375 0.29725208333333336 0.4627359375 0.35652083333333334 0.473115625 0.37728125 0.54848125 0.37697916666666664 0.5566046874999999 0.35170833333333335 0.555928125 0.2954458333333333 0.540584375 0.29574791666666667 0.5426140625 0.35140625000000003
7 0.34991249999999996 0.37637916666666665 0.3934625 0.37697916666666664 0.3972984375 0.25482916666666666 0.353296875 0.253325 0.34991249999999996 0.37637916666666665
5 0.638740625 0.48107916666666667 0.6865765625 0.4684416666666667 0.6771 0.4067645833333334 0.6299390625 0.41910000000000003 0.638740625 0.48107916666666667
4 0.43660468750000003 0.5534874999999999 0.43412187500000005 0.5691333333333334 0.436153125 0.5832729166666667 0.44269687500000005 0.5907958333333333 0.4524 0.5977145833333334 0.4621015625 0.59921875 0.4742875 0.5919979166666667 0.479703125 0.5799645833333333 0.47947656250000004 0.566125 0.47744687499999994 0.5549916666666667 0.4729328125 0.5477708333333333 0.46548749999999994 0.5411520833333333 0.456009375 0.5351354166666666 0.44269687500000005 0.5426562500000001 0.43660468750000003 0.5534874999999999
13 0.487309375 0.6073354166666667 0.52973125 0.6314041666666667 0.5459765625 0.5733374999999999 0.504909375 0.5516749999999999 0.487309375 0.6073354166666667
1 0.34847968749999997 0.5386416666666667 0.3841328125 0.56601875 0.40602031250000004 0.5166770833333333 0.3699171875 0.4911041666666666 0.34847968749999997 0.5386416666666667
3 0.3362953125 0.6830145833333333 0.41136718749999995 0.7507083333333333 0.43523281249999995 0.7012395833333334 0.3605953125 0.63615 0.3362953125 0.6830145833333333
11 0.5749609375 0.43769583333333334 0.5819328125000001 0.49727083333333333 0.6311546875 0.4874541666666667 0.625946875 0.4304645833333333 0.5977421875 0.43364583333333334 0.5749609375 0.43769583333333334