6 0.4828125 0.35 0.484375 0.32708333333333334 0.475 0.32083333333333336 0.4390625 0.32916666666666666 0.4390625 0.34791666666666665 0.4546875 0.5083333333333333 0.4953125 0.5041666666666667 0.5 0.49166666666666664 0.4828125 0.35
7 0.571875 0.3145833333333333 0.559375 0.3125 0.5296875 0.3229166666666667 0.5296875 0.32916666666666666 0.5453125 0.41458333333333336 0.54375 0.4354166666666667 0.5875 0.43125 0.571875 0.3145833333333333
8 0.3484375 0.66875 0.3484375 0.675 0.3609375 0.7270833333333333 0.4109375 0.7083333333333334 0.4046875 0.6520833333333333 0.3484375 0.66875
1 0.4125 0.51875 0.403125 0.5645833333333333 0.403125 0.5729166666666666 0.4359375 0.5875 0.4484375 0.5854166666666667 0.45625 0.5333333333333333 0.4125 0.51875
2 0.484375 0.6041666666666666 0.4796875 0.5979166666666667 0.409375 0.58125 0.4015625 0.5729166666666666 0.35625 0.5604166666666667 0.3484375 0.5645833333333333 0.340625 0.60625 0.340625 0.6166666666666667 0.428125 0.6416666666666667 0.4859375 0.6291666666666667 0.48125 0.6229166666666667 0.484375 0.6041666666666666
3 0.3953125 0.45625 0.378125 0.41458333333333336 0.36875 0.41041666666666665 0.2953125 0.4708333333333333 0.2953125 0.47708333333333336 0.3140625 0.51875 0.3203125 0.5229166666666667 0.3890625 0.46875 0.3953125 0.45625
5 0.3625 0.5020833333333333 0.35625 0.5416666666666666 0.35625 0.5583333333333333 0.4015625 0.56875 0.4125 0.5145833333333333 0.4046875 0.50625 0.3625 0.5020833333333333
9 0.3328125 0.34375 0.290625 0.3416666666666667 0.2859375 0.34791666666666665 0.2859375 0.359375 0.290625 0.40208333333333335 0.340625 0.40208333333333335 0.340625 0.35625 0.3328125 0.34375
10 0.525 0.48541666666666666 0.515625 0.49375 0.4984375 0.5291666666666667 0.4984375 0.53125 0.571875 0.6 0.5953125 0.5583333333333333 0.59375 0.5479166666666667 0.525 0.48541666666666666
11 0.475 0.5208333333333334 0.4515625 0.56875 0.4515625 0.5708333333333333 0.4984375 0.6083333333333333 0.5234375 0.5604166666666667 0.5 0.5333333333333333 0.475 0.5208333333333334
11 0.540625 0.44375 0.540625 0.4625 0.5484375 0.5041666666666667 0.5953125 0.49166666666666664 0.5875 0.4354166666666667 0.540625 0.44375
14 0.6171875 0.29791666666666666 0.6078125 0.29375 0.5734375 0.30625 0.5734375 0.31875 0.596875 0.48125 0.609375 0.48333333333333334 0.6421875 0.47291666666666665 0.6171875 0.29791666666666666
15 0.50625 0.6854166666666667 0.5 0.6333333333333333 0.415625 0.64375 0.40625 0.6520833333333333 0.40625 0.6604166666666667 0.4125 0.7083333333333334 0.4953125 0.6958333333333333 0.503125 0.69375 0.50625 0.6854166666666667
13 0.5265625 0.325 0.484375 0.3375 0.484375 0.35 0.4890625 0.3875 0.4953125 0.3958333333333333 0.534375 0.38125 0.5265625 0.325
11 0.5421875 0.42916666666666664 0.5421875 0.41041666666666665 0.5296875 0.39166666666666666 0.5140625 0.38958333333333334 0.5 0.39791666666666664 0.4953125 0.4083333333333333 0.4953125 0.4197916666666667 0.4984375 0.4395833333333333 0.5140625 0.45416666666666666 0.53125 0.45 0.5421875 0.42916666666666664