6 0.339509375 0.3020833333333333 0.473884375 0.30625 0.478571875 0.3 0.478571875 0.2520833333333333 0.473884375 0.24583333333333332 0.336384375 0.24375 0.339509375 0.3020833333333333
4 0.2625 0.3958333333333333 0.2625 0.41458333333333336 0.2734375 0.43333333333333335 0.3046875 0.4395833333333333 0.3203125 0.42291666666666666 0.321875 0.4 0.315625 0.3875 0.2921875 0.3729166666666667 0.2734375 0.3770833333333333 0.2625 0.3958333333333333
14 0.225 0.5166666666666667 0.2234375 0.5270833333333333 0.2453125 0.5666666666666667 0.2609375 0.5604166666666667 0.3578125 0.46458333333333335 0.3359375 0.4166666666666667 0.3203125 0.425 0.225 0.5166666666666667
13 0.434375 0.45416666666666666 0.4546875 0.5041666666666667 0.4921875 0.47708333333333336 0.4765625 0.43125 0.4640625 0.42916666666666664 0.434375 0.45416666666666666
8 0.4 0.39791666666666664 0.41875 0.45208333333333334 0.475 0.42083333333333334 0.4609375 0.36666666666666664 0.4484375 0.36666666666666664 0.4 0.39791666666666664
2 0.35 0.48422708333333336 0.4484375 0.5904770833333333 0.4609375 0.5946437499999999 0.4796875 0.5633937499999999 0.48125 0.5467270833333333 0.38125 0.44047708333333335 0.36875 0.44881041666666666 0.35 0.48422708333333336
3 0.2640625 0.5645833333333333 0.278125 0.60625 0.2875 0.6125 0.3640625 0.5645833333333333 0.36875 0.5520833333333334 0.353125 0.5125 0.3453125 0.5083333333333333 0.2640625 0.5604166666666667 0.2640625 0.5645833333333333
10 0.3296875 0.6541666666666667 0.41875 0.6645833333333333 0.425 0.6541666666666667 0.425 0.60625 0.334375 0.5979166666666667 0.3296875 0.6395833333333333 0.3296875 0.6541666666666667
9 0.4491078125 0.6464291666666667 0.48973281249999995 0.6651791666666667 0.5069203124999999 0.6089291666666666 0.4647328125 0.5901791666666667 0.4491078125 0.6360125 0.4491078125 0.6464291666666667
7 0.5109375 0.5645833333333333 0.5453125 0.6666666666666666 0.5578125 0.6645833333333333 0.5859375 0.64375 0.5828125 0.61875 0.571875 0.6020833333333333 0.5515625 0.5354166666666667 0.5203125 0.5479166666666667 0.5109375 0.5583333333333333 0.5109375 0.5645833333333333
5 0.475 0.51875 0.5015625 0.54375 0.5140625 0.5479166666666667 0.528125 0.525 0.5359375 0.4979166666666667 0.496875 0.4708333333333333 0.475 0.5166666666666667 0.475 0.51875
1 0.5015625 0.4708333333333333 0.5359375 0.4979166666666667 0.5578125 0.45625 0.5578125 0.44583333333333336 0.521875 0.41875 0.5015625 0.46041666666666664 0.5015625 0.4708333333333333
11 0.5640625 0.5520833333333334 0.5734375 0.6 0.5796875 0.6083333333333333 0.621875 0.5875 0.6125 0.5333333333333333 0.5640625 0.55 0.5640625 0.5520833333333334
11 0.5515625 0.5083333333333333 0.6078125 0.525 0.6171875 0.46458333333333335 0.5609375 0.45416666666666666 0.5515625 0.4979166666666667 0.5515625 0.5083333333333333