1 0.590625 0.68125 0.6265625 0.7104166666666667 0.6484375 0.6604166666666667 0.615625 0.63125 0.60625 0.63125 0.5890625 0.6645833333333333 0.590625 0.68125
3 0.35625 0.3416666666666667 0.3609375 0.34791666666666665 0.3921875 0.3541666666666667 0.403125 0.3375 0.4046875 0.22708333333333333 0.3734375 0.22083333333333333 0.36875 0.22083333333333333 0.3609375 0.23333333333333334 0.35625 0.3416666666666667
2 0.5390625 0.4 0.6171875 0.5416666666666666 0.6453125 0.5166666666666667 0.6515625 0.5041666666666667 0.575 0.3625 0.5703125 0.3625 0.54375 0.3875 0.5390625 0.4
8 0.3453125 0.16458333333333333 0.3453125 0.21875 0.35 0.22708333333333333 0.3671875 0.21875 0.403125 0.22083333333333333 0.403125 0.16458333333333333 0.384375 0.15625 0.375 0.15625 0.35625 0.15625 0.3453125 0.16458333333333333
5 0.384375 0.4041666666666667 0.4234375 0.4270833333333333 0.4296875 0.425 0.4359375 0.41458333333333336 0.44375 0.37083333333333335 0.4390625 0.3625 0.4046875 0.35 0.403125 0.34791666666666665 0.3921875 0.36041666666666666 0.384375 0.4041666666666667
6 0.4625 0.21458333333333332 0.578125 0.29375 0.6015625 0.23541666666666666 0.4828125 0.15416666666666667 0.48125 0.15208333333333332 0.4625 0.19583333333333333 0.4625 0.21458333333333332
7 0.596875 0.63125 0.6046875 0.63125 0.6703125 0.5666666666666667 0.671875 0.5583333333333333 0.653125 0.5229166666666667 0.6484375 0.5166666666666667 0.5734375 0.5875 0.596875 0.63125
13 0.615625 0.23125 0.6234375 0.27708333333333335 0.659375 0.2708333333333333 0.671875 0.25625 0.6640625 0.19791666666666666 0.6546875 0.19791666666666666 0.61875 0.20833333333333334 0.615625 0.23125
14 0.5546875 0.7416666666666667 0.5953125 0.725 0.5625 0.55625 0.5546875 0.55625 0.51875 0.5645833333333333 0.5546875 0.7416666666666667
12 0.41875 0.6 0.425 0.5854166666666667 0.428125 0.4791666666666667 0.421875 0.47291666666666665 0.390625 0.4708333333333333 0.384375 0.4708333333333333 0.378125 0.59375 0.41875 0.6
9 0.5515625 0.5520833333333334 0.59375 0.5333333333333333 0.5890625 0.4979166666666667 0.58125 0.4791666666666667 0.575 0.4791666666666667 0.5390625 0.49375 0.5515625 0.5520833333333334
10 0.4296875 0.48125 0.4375 0.4895833333333333 0.44375 0.4895833333333333 0.5109375 0.4270833333333333 0.509375 0.41458333333333336 0.4875 0.3770833333333333 0.4859375 0.375 0.415625 0.44166666666666665 0.4296875 0.48125
11 0.4421875 0.7125 0.4828125 0.68125 0.453125 0.6125 0.45 0.6125 0.4171875 0.6416666666666667 0.4421875 0.7125
11 0.409375 0.24375 0.41875 0.28541666666666665 0.4625 0.27291666666666664 0.446875 0.1875 0.440625 0.1875 0.40625 0.2 0.409375 0.24375
4 0.5265625 0.32708333333333334 0.528125 0.36041666666666666 0.54375 0.3729166666666667 0.5625 0.36666666666666664 0.575 0.34375 0.571875 0.3145833333333333 0.553125 0.3 0.55 0.3 0.534375 0.30833333333333335 0.5265625 0.32708333333333334