1 0.5078125 0.5229166666666667 0.515625 0.5229166666666667 0.5421875 0.48541666666666666 0.5421875 0.47708333333333336 0.5140625 0.44375 0.5078125 0.44375 0.4765625 0.48541666666666666 0.5078125 0.5229166666666667
3 0.4125 0.4125 0.4734375 0.48333333333333334 0.48125 0.48541666666666666 0.50625 0.44583333333333336 0.4421875 0.36666666666666664 0.4359375 0.36666666666666664 0.4125 0.40208333333333335 0.4125 0.4125
2 0.571875 0.22291666666666668 0.6046875 0.38333333333333336 0.6078125 0.38958333333333334 0.6171875 0.38958333333333334 0.6453125 0.37916666666666665 0.6484375 0.3645833333333333 0.6140625 0.19791666666666666 0.609375 0.19791666666666666 0.575 0.21041666666666667 0.571875 0.22291666666666668
5 0.528125 0.5833333333333334 0.54375 0.5916666666666667 0.5703125 0.59375 0.5796875 0.5625 0.578125 0.5354166666666667 0.55 0.525 0.5359375 0.525 0.5296875 0.5395833333333333 0.528125 0.5833333333333334
6 0.3953125 0.47291666666666665 0.496875 0.5854166666666667 0.521875 0.5520833333333334 0.521875 0.54375 0.4234375 0.4270833333333333 0.4203125 0.4270833333333333 0.3984375 0.4583333333333333 0.3953125 0.47291666666666665
7 0.421875 0.35833333333333334 0.4359375 0.36041666666666666 0.4515625 0.31666666666666665 0.43125 0.29375 0.3984375 0.27708333333333335 0.378125 0.25416666666666665 0.3765625 0.25416666666666665 0.3546875 0.3020833333333333 0.421875 0.35833333333333334
13 0.384375 0.5416666666666666 0.4078125 0.5729166666666666 0.41875 0.575 0.44375 0.5395833333333333 0.44375 0.53125 0.4140625 0.49583333333333335 0.409375 0.49583333333333335 0.3859375 0.5291666666666667 0.384375 0.5416666666666666
14 0.5640625 0.47708333333333336 0.5984375 0.6333333333333333 0.6046875 0.6416666666666667 0.615625 0.6416666666666667 0.6421875 0.6291666666666667 0.64375 0.6166666666666667 0.60625 0.45416666666666666 0.596875 0.45416666666666666 0.5671875 0.4666666666666667 0.5640625 0.47708333333333336
15 0.5 0.43125 0.565625 0.34791666666666665 0.5390625 0.30416666666666664 0.534375 0.30416666666666664 0.4703125 0.3875 0.5 0.43125
4 0.3796875 0.23333333333333334 0.3921875 0.2604166666666667 0.4125 0.2708333333333333 0.43125 0.25 0.43125 0.23541666666666666 0.425 0.20625 0.4109375 0.19166666666666668 0.396875 0.19166666666666668 0.384375 0.20208333333333334 0.3796875 0.23333333333333334
9 0.45 0.34791666666666665 0.4734375 0.37916666666666665 0.50625 0.3375 0.4765625 0.29583333333333334 0.4734375 0.29583333333333334 0.446875 0.3333333333333333 0.45 0.34791666666666665
10 0.51875 0.41041666666666665 0.5171875 0.4354166666666667 0.5375 0.4375 0.60625 0.41458333333333336 0.5984375 0.35625 0.5890625 0.35625 0.5515625 0.36875 0.51875 0.41041666666666665
11 0.4234375 0.2708333333333333 0.459375 0.3104166666666667 0.4796875 0.29375 0.490625 0.2791666666666667 0.4921875 0.26666666666666666 0.45625 0.22708333333333333 0.453125 0.22708333333333333 0.4234375 0.2625 0.4234375 0.2708333333333333
11 0.4328125 0.6041666666666666 0.4609375 0.6458333333333334 0.46875 0.64375 0.496875 0.6125 0.46875 0.5604166666666667 0.465625 0.5604166666666667 0.43125 0.59375 0.4328125 0.6041666666666666
8 0.55625 0.66875 0.5859375 0.7166666666666667 0.5953125 0.7208333333333333 0.625 0.68125 0.5890625 0.6291666666666667 0.5875 0.6270833333333333 0.5671875 0.6479166666666667 0.55625 0.66875