3 0.2766078125 0.5547333333333333 0.3265734375 0.4542333333333334 0.28945625 0.4249208333333333 0.24120468750000001 0.5254208333333333 0.2766078125 0.5547333333333333
1 0.322290625 0.6103145833333333 0.3197203125 0.5532104166666667 0.2734671875 0.55701875 0.275465625 0.6145020833333333 0.322290625 0.6103145833333333
8 0.338565625 0.544075 0.3688296875 0.48506875 0.33285468749999997 0.45156874999999996 0.3045890625 0.5204729166666666 0.338565625 0.544075
6 0.40280625 0.49725 0.42964375 0.4527104166666666 0.31458125 0.3442145833333334 0.293453125 0.39065833333333333 0.40280625 0.49725
13 0.3497 0.6228770833333334 0.387103125 0.5901375000000001 0.3608359375 0.5433125000000001 0.36140625000000004 0.54445625 0.3611203125 0.544075 0.3248609375 0.577575 0.3497 0.6228770833333334
5 0.406803125 0.6034624999999999 0.44363437499999997 0.5627291666666667 0.40994374999999994 0.5197104166666667 0.3791078125 0.5589208333333333 0.406803125 0.6034624999999999
11 0.398809375 0.41997083333333335 0.435925 0.45194791666666667 0.474184375 0.37505 0.43478281250000006 0.3423104166666667 0.41365468749999995 0.37771458333333335 0.398809375 0.41997083333333335
10 0.43221406250000005 0.7446958333333333 0.45848125 0.6228770833333334 0.4145125 0.6118375 0.3893859375 0.7271854166666666 0.43221406250000005 0.7446958333333333
2 0.5983828124999999 0.46108541666666664 0.612659375 0.40207916666666665 0.48075156249999995 0.3567770833333333 0.46990156250000004 0.41273750000000003 0.5983828124999999 0.46108541666666664
12 0.5521296875 0.6004166666666666 0.5404234375 0.5463583333333334 0.45220000000000005 0.5802395833333333 0.4667609375 0.6339166666666666 0.5521296875 0.6004166666666666
4 0.46476249999999997 0.6955875 0.48560468749999997 0.7001562499999999 0.4981671875 0.6834062500000001 0.5021656250000001 0.6655145833333334 0.497025 0.6487625 0.48960312500000003 0.6396270833333334 0.47646875 0.6381041666666667 0.46476249999999997 0.64076875 0.454484375 0.6537124999999999 0.4547703125 0.67845625 0.46476249999999997 0.6955875
14 0.621225 0.6598041666666667 0.5841078125 0.4915395833333333 0.544421875 0.5086708333333333 0.5783968749999999 0.6845479166666667 0.621225 0.6598041666666667
11 0.6560578125000001 0.4911583333333333 0.6112063828125 0.49152575833333334 0.60951875 0.59394375 0.6532015624999999 0.5950875 0.6560578125000001 0.4911583333333333
7 0.7180140625 0.4534708333333333 0.6883203124999999 0.33888541666666666 0.6469203125 0.3594416666666667 0.6769000000000001 0.4747895833333333 0.7180140625 0.4534708333333333
9 0.6751875 0.6651333333333334 0.65976875 0.6061270833333333 0.617228125 0.62820625 0.632359375 0.6834062500000001 0.6751875 0.6651333333333334